     0/299     4.34G      3.46      6.15      3.79      13.4       240       448    0.0778    0.0263    0.0167    0.0262       3.2      4.49      3.26
     1/299     4.34G      2.96      5.01      3.01        11       218       448      0.17    0.0752    0.0603    0.0818      2.85      3.87      2.59
     2/299     4.34G       2.8      4.51      2.59       9.9       283       448     0.227     0.127     0.101     0.135      2.69       3.5      2.24
     3/299     4.34G      2.69      4.13      2.32      9.14       259       448     0.282     0.174     0.145     0.186      2.56      3.18      1.95
     4/299     4.34G      2.61      3.81      2.15      8.56       165       448     0.301     0.204     0.176     0.222      2.47      2.93      1.79
     5/299     4.34G      2.56      3.53      2.04      8.12       233       448     0.341     0.224     0.197     0.245      2.42      2.71      1.68
     6/299     4.34G      2.52      3.39      1.96      7.88       191       448     0.349     0.241     0.212     0.262      2.38       2.7      1.62
     7/299     4.34G      2.49      3.38      1.91      7.79       226       448     0.345     0.255     0.224     0.273      2.35      2.68      1.57
     8/299     4.34G      2.48      3.36      1.87      7.71       144       448     0.352     0.268     0.232     0.284      2.33      2.66      1.54
     9/299     4.34G      2.46      3.35      1.83      7.65       192       448     0.351     0.272     0.238     0.288      2.32      2.65      1.52
    10/299     4.34G      2.45      3.34      1.81      7.59       163       448     0.356     0.276     0.242     0.293      2.31      2.65       1.5
    11/299     4.34G      2.44      3.32      1.78      7.54       141       448     0.358     0.278     0.246     0.295       2.3      2.64      1.49
    12/299     4.34G      2.43      3.31      1.77       7.5       185       448     0.365      0.28      0.25     0.299       2.3      2.64      1.48
    13/299     4.34G      2.42      3.32      1.74      7.48       181       448     0.373     0.282     0.254     0.303      2.29      2.63      1.47
    14/299     4.34G      2.41       3.3      1.73      7.45       202       448     0.378     0.283     0.257     0.305      2.28      2.63      1.45
    15/299     4.34G       2.4      3.31      1.72      7.43       230       448     0.384     0.284      0.26     0.309      2.27      2.62      1.44
    16/299     4.34G       2.4       3.3       1.7       7.4       185       448     0.392     0.286     0.265     0.313      2.27      2.62      1.43
    17/299     4.34G       2.4      3.29      1.69      7.37       175       448      0.41     0.287     0.267     0.316      2.26      2.61      1.42
    18/299     4.34G      2.39      3.28      1.69      7.36       218       448     0.413     0.289      0.27     0.318      2.26      2.61      1.41
    19/299     4.34G      2.38      3.28      1.67      7.33       283       448     0.417     0.289     0.273     0.318      2.25       2.6       1.4
    20/299     4.34G      2.38      3.28      1.66      7.32       164       448     0.421      0.29     0.275     0.321      2.25       2.6      1.39
    21/299     4.34G      2.38      3.27      1.66       7.3       231       448     0.425     0.293     0.278     0.325      2.24      2.59      1.38
    22/299     4.34G      2.37      3.27      1.64      7.29       271       448     0.427     0.295     0.281     0.327      2.23      2.59      1.38
    23/299     4.34G      2.37      3.26      1.64      7.28       188       448     0.428     0.297     0.284     0.328      2.23      2.58      1.37
    24/299     4.34G      2.36      3.27      1.63      7.26       276       448     0.431     0.299     0.286     0.331      2.22      2.58      1.36
    25/299     4.34G      2.36      3.27      1.63      7.26       167       448     0.436     0.302     0.289     0.334      2.22      2.58      1.35
    26/299     4.34G      2.36      3.26      1.62      7.24       268       448     0.435     0.304     0.291     0.336      2.22      2.57      1.34
    27/299     4.34G      2.36      3.25      1.62      7.23       184       448     0.436     0.306     0.293     0.338      2.21      2.57      1.33
    28/299     4.34G      2.35      3.26      1.61      7.23       190       448     0.433     0.308     0.296     0.339      2.21      2.56      1.32
    29/299     4.34G      2.35      3.25      1.61      7.21       146       448     0.431     0.311     0.297     0.342       2.2      2.56      1.31
    30/299     4.34G      2.35      3.25      1.61      7.21       291       448     0.426     0.314     0.299     0.343       2.2      2.56      1.31
    31/299     4.34G      2.35      3.25       1.6       7.2       266       448     0.425     0.316       0.3     0.345      2.19      2.55       1.3
    32/299     4.34G      2.35      3.25       1.6      7.19       191       448     0.426     0.319     0.302     0.347      2.19      2.55       1.3
    33/299     4.34G      2.34      3.24      1.59      7.18       237       448     0.425     0.321     0.303     0.347      2.19      2.55      1.29
    34/299     4.34G      2.34      3.24      1.59      7.17       193       448     0.429     0.325     0.305     0.351      2.18      2.55      1.29
    35/299     4.34G      2.34      3.24      1.59      7.17       268       448     0.424     0.327     0.306     0.351      2.18      2.54      1.28
    36/299     4.34G      2.34      3.24      1.58      7.15       173       448     0.424      0.33     0.308     0.353      2.18      2.54      1.27
    37/299     4.34G      2.33      3.24      1.58      7.15       262       448     0.427     0.333      0.31     0.356      2.17      2.54      1.27
    38/299     4.34G      2.33      3.23      1.57      7.14       190       448     0.414     0.335     0.311     0.357      2.17      2.54      1.26
    39/299     4.34G      2.33      3.23      1.57      7.14       233       448     0.413     0.337     0.312     0.358      2.17      2.53      1.26
    40/299     4.34G      2.33      3.23      1.57      7.13       282       448     0.414     0.338     0.313     0.358      2.17      2.53      1.26
    41/299     4.34G      2.33      3.23      1.57      7.12       195       448     0.412      0.34     0.315     0.358      2.16      2.53      1.25
    42/299     4.34G      2.32      3.23      1.57      7.12       237       448     0.414     0.342     0.316      0.36      2.16      2.53      1.25
    43/299     4.34G      2.32      3.23      1.57      7.12       152       448     0.416     0.345     0.317     0.361      2.16      2.53      1.24
    44/299     4.34G      2.32      3.23      1.56      7.11       242       448     0.416     0.345     0.319     0.362      2.16      2.53      1.24
    45/299     4.34G      2.32      3.24      1.56      7.12       266       448     0.415     0.347     0.319     0.363      2.16      2.52      1.24
    46/299     4.34G      2.32      3.23      1.55       7.1       232       448     0.415     0.348     0.321     0.364      2.15      2.52      1.24
    47/299     4.34G      2.32      3.23      1.55      7.09       149       448     0.417      0.35     0.322     0.366      2.15      2.52      1.23
    48/299     4.34G      2.32      3.23      1.55      7.09       240       448     0.416     0.351     0.323     0.367      2.15      2.52      1.23
    49/299     4.34G      2.32      3.23      1.55      7.09       176       448     0.414     0.351     0.323     0.366      2.15      2.52      1.23
    50/299     4.34G      2.32      3.23      1.55      7.09       235       448     0.415     0.353     0.324     0.368      2.15      2.52      1.23
    51/299     4.34G      2.31      3.22      1.55      7.08       257       448     0.413     0.353     0.325     0.367      2.15      2.51      1.22
    52/299     4.34G      2.31      3.23      1.54      7.08       260       448     0.411     0.355     0.326     0.368      2.15      2.51      1.22
    53/299     4.34G      2.31      3.22      1.54      7.07       264       448      0.41     0.356     0.327     0.368      2.14      2.51      1.22
    54/299     4.34G      2.31      3.22      1.54      7.07       249       448     0.409     0.355     0.327     0.367      2.14      2.51      1.22
    55/299     4.34G      2.31      3.22      1.54      7.07       220       448     0.413     0.357     0.328     0.369      2.14      2.51      1.21
    56/299     4.34G      2.31      3.21      1.53      7.05       208       448     0.413     0.357     0.329     0.369      2.14      2.51      1.21
    57/299     4.34G      2.31      3.22      1.53      7.06       185       448     0.415     0.358      0.33     0.371      2.14      2.51      1.21
    58/299     4.34G       2.3      3.22      1.53      7.05       236       448     0.412     0.359      0.33     0.371      2.14      2.51      1.21
    59/299     4.34G       2.3      3.21      1.53      7.04       165       448     0.411      0.36     0.331      0.37      2.14      2.51      1.21
    60/299     4.34G       2.3      3.23      1.53      7.06       154       448     0.411      0.36     0.332     0.371      2.14      2.51       1.2
    61/299     4.34G       2.3      3.22      1.52      7.05       179       448     0.411     0.361     0.332     0.371      2.14       2.5       1.2
    62/299     4.34G       2.3      3.21      1.52      7.03       260       448     0.412     0.362     0.333     0.372      2.13       2.5       1.2
    63/299     4.34G       2.3      3.21      1.52      7.02       221       448      0.41     0.363     0.333     0.371      2.13       2.5       1.2
    64/299     4.34G       2.3       3.2      1.52      7.02       231       448     0.409     0.363     0.333     0.372      2.13       2.5      1.19
    65/299     4.34G       2.3       3.2      1.52      7.02       164       448      0.41     0.364     0.334     0.373      2.13       2.5      1.19
    66/299     4.34G       2.3      3.21      1.51      7.02       251       448      0.41     0.365     0.334     0.373      2.13       2.5      1.19
    67/299     4.34G      2.29      3.21      1.52      7.02       243       448      0.41     0.366     0.334     0.374      2.13       2.5      1.19
    68/299     4.34G      2.29      3.21      1.51      7.02       298       448      0.41     0.366     0.335     0.374      2.13       2.5      1.19
    69/299     4.34G      2.29      3.21      1.51      7.02       174       448     0.409     0.366     0.335     0.374      2.13       2.5      1.19
    70/299     4.34G      2.29      3.21      1.51      7.01       199       448     0.409     0.367     0.335     0.374      2.13       2.5      1.18
    71/299     4.34G      2.29      3.21      1.51      7.01       179       448      0.41     0.368     0.336     0.375      2.13       2.5      1.18
    72/299     4.34G      2.29      3.21      1.51         7       202       448     0.411     0.368     0.336     0.376      2.12       2.5      1.18
    73/299     4.34G      2.29      3.21       1.5      6.99       183       448     0.413      0.37     0.336     0.377      2.12       2.5      1.18
    74/299     4.34G      2.28       3.2       1.5      6.99       145       448     0.412     0.369     0.337     0.377      2.12       2.5      1.18
    75/299     4.34G      2.29      3.19       1.5      6.98       210       448      0.41     0.371     0.337     0.377      2.12       2.5      1.18
    76/299     4.34G      2.28       3.2       1.5      6.98       213       448     0.408     0.371     0.337     0.376      2.12       2.5      1.18
    77/299     4.34G      2.28       3.2       1.5      6.98       248       448     0.408     0.371     0.337     0.376      2.12       2.5      1.18
    78/299     4.34G      2.28      3.19      1.49      6.97       151       448     0.408     0.372     0.338     0.377      2.12       2.5      1.17
    79/299     4.34G      2.28       3.2       1.5      6.98       170       448     0.407     0.373     0.339     0.378      2.12      2.49      1.17
    80/299     4.34G      2.28      3.19      1.49      6.96       121       448     0.408     0.373     0.339     0.378      2.12      2.49      1.17
    81/299     4.34G      2.28       3.2      1.49      6.97       194       448     0.408     0.373     0.341     0.378      2.12      2.49      1.17
    82/299     4.34G      2.27       3.2      1.49      6.96       227       448     0.407     0.373     0.341     0.378      2.12      2.49      1.17
    83/299     4.34G      2.28      3.19      1.49      6.96       197       448     0.406     0.373     0.341     0.377      2.12      2.49      1.17
    84/299     4.34G      2.28       3.2      1.49      6.96       263       448     0.407     0.375     0.342     0.378      2.12      2.49      1.17
    85/299     4.34G      2.27       3.2      1.49      6.96       212       448     0.408     0.376     0.342      0.38      2.11      2.49      1.16
    86/299     4.34G      2.27       3.2      1.48      6.96       266       448     0.409     0.377     0.343      0.38      2.11      2.49      1.16
    87/299     4.34G      2.27       3.2      1.48      6.95       172       448     0.408     0.377     0.343      0.38      2.11      2.49      1.16
    88/299     4.34G      2.27      3.19      1.48      6.94       208       448     0.409     0.378     0.343     0.381      2.11      2.49      1.16
    89/299     4.34G      2.27      3.19      1.48      6.94       178       448      0.41     0.378     0.343     0.381      2.11      2.49      1.16
    90/299     4.34G      2.27       3.2      1.48      6.95       303       448     0.409     0.379     0.343     0.382      2.11      2.49      1.16
    91/299     4.34G      2.27      3.19      1.48      6.94       250       448     0.409      0.38     0.344     0.382      2.11      2.49      1.16
    92/299     4.34G      2.26       3.2      1.48      6.94       232       448     0.408      0.38     0.343     0.382      2.11      2.49      1.16
    93/299     4.34G      2.27       3.2      1.48      6.95       265       448     0.406      0.38     0.343     0.382      2.11      2.49      1.16
    94/299     4.34G      2.26       3.2      1.47      6.93       155       448     0.405     0.381     0.344     0.381      2.11      2.49      1.16
    95/299     4.34G      2.26      3.19      1.47      6.93       211       448     0.405     0.381     0.344     0.381      2.11      2.49      1.16
    96/299     4.34G      2.26       3.2      1.47      6.93       226       448     0.404      0.38     0.344     0.381      2.11      2.49      1.15
    97/299     4.34G      2.26      3.19      1.47      6.92       233       448     0.409     0.382     0.345     0.384      2.11      2.49      1.15
    98/299     4.34G      2.26      3.19      1.47      6.92       264       448     0.409     0.382     0.345     0.384      2.11      2.49      1.15
    99/299     4.34G      2.26      3.18      1.46      6.91       210       448     0.408     0.382     0.346     0.383      2.11      2.48      1.15
   100/299     4.34G      2.26      3.18      1.47      6.91       217       448     0.408     0.382     0.346     0.383      2.11      2.48      1.15
   101/299     4.34G      2.26      3.19      1.47      6.92       236       448     0.407     0.383     0.346     0.383      2.11      2.48      1.15
   102/299     4.34G      2.26      3.19      1.46      6.91       205       448     0.407     0.383     0.347     0.383       2.1      2.48      1.15
   103/299     4.34G      2.25      3.19      1.46       6.9       175       448     0.407     0.383     0.347     0.383       2.1      2.48      1.15
   104/299     4.34G      2.25      3.19      1.46       6.9       183       448     0.406     0.383     0.347     0.383       2.1      2.48      1.15
   105/299     4.34G      2.25      3.19      1.46      6.89       213       448     0.407     0.383     0.348     0.383       2.1      2.48      1.15
   106/299     4.34G      2.25      3.18      1.45      6.88       197       448     0.407     0.383     0.348     0.383       2.1      2.48      1.14
   107/299     4.34G      2.25      3.18      1.46      6.89       240       448     0.408     0.383     0.349     0.383       2.1      2.48      1.14
   108/299     4.34G      2.25      3.18      1.45      6.87       202       448     0.406     0.383     0.349     0.382       2.1      2.48      1.14
   109/299     4.34G      2.25      3.18      1.45      6.87       166       448     0.407     0.383     0.349     0.383       2.1      2.48      1.14
   110/299     4.34G      2.25      3.18      1.45      6.88       202       448     0.406     0.383     0.349     0.383       2.1      2.48      1.14
   111/299     4.34G      2.25      3.18      1.44      6.87       257       448     0.406     0.384     0.349     0.383       2.1      2.48      1.14
   112/299     4.34G      2.24      3.18      1.45      6.87       202       448     0.408     0.384     0.349     0.384       2.1      2.48      1.14
   113/299     4.34G      2.25      3.17      1.45      6.87       208       448     0.407     0.385      0.35     0.384       2.1      2.48      1.14
   114/299     4.34G      2.24      3.18      1.44      6.86       204       448     0.406     0.386     0.349     0.384       2.1      2.48      1.14
   115/299     4.34G      2.24      3.17      1.44      6.85       262       448     0.405     0.387     0.351     0.385       2.1      2.48      1.14
   116/299     4.34G      2.24      3.18      1.44      6.86       158       448     0.404     0.388     0.351     0.385       2.1      2.48      1.13
   117/299     4.34G      2.24      3.17      1.44      6.85       220       448     0.405     0.388     0.351     0.386       2.1      2.48      1.13
   118/299     4.34G      2.24      3.17      1.43      6.84       235       448     0.406     0.389     0.352     0.386       2.1      2.48      1.13
   119/299     4.34G      2.23      3.18      1.44      6.85       221       448     0.405     0.389     0.351     0.386       2.1      2.47      1.13
   120/299     4.34G      2.24      3.18      1.43      6.85       177       448     0.404     0.389     0.352     0.386      2.09      2.48      1.13
   121/299     4.34G      2.24      3.17      1.43      6.84       164       448     0.403     0.389     0.351     0.386      2.09      2.48      1.13
   122/299     4.34G      2.23      3.17      1.43      6.84       178       448     0.405     0.389     0.352     0.386      2.09      2.48      1.13
   123/299     4.34G      2.23      3.18      1.43      6.84       191       448     0.405      0.39     0.351     0.386      2.09      2.48      1.13
   124/299     4.34G      2.23      3.16      1.43      6.82       174       448     0.404     0.391     0.353     0.386      2.09      2.48      1.13
   125/299     4.34G      2.23      3.16      1.43      6.82       253       448     0.405      0.39     0.354     0.387      2.09      2.47      1.13
   126/299     4.34G      2.23      3.18      1.42      6.82       227       448     0.405      0.39     0.353     0.387      2.09      2.47      1.13
   127/299     4.34G      2.23      3.16      1.43      6.82       234       448     0.403      0.39     0.353     0.387      2.09      2.47      1.12
   128/299     4.34G      2.22      3.17      1.42      6.81       238       448     0.405      0.39     0.354     0.388      2.09      2.47      1.12
   129/299     4.34G      2.22      3.16      1.42       6.8       182       448     0.404     0.392     0.354     0.388      2.09      2.47      1.12
   130/299     4.34G      2.22      3.16      1.42      6.81       196       448     0.403     0.392     0.355     0.387      2.09      2.47      1.12
   131/299     4.34G      2.22      3.17      1.42      6.81       147       448     0.401     0.392     0.355     0.387      2.09      2.47      1.12
   132/299     4.34G      2.22      3.17      1.41      6.81       242       448     0.401     0.393     0.355     0.387      2.08      2.47      1.12
   133/299     4.34G      2.22      3.17      1.41      6.79       197       448       0.4     0.392     0.355     0.387      2.08      2.47      1.12
   134/299     4.34G      2.22      3.17      1.41       6.8       207       448       0.4     0.392     0.355     0.387      2.08      2.47      1.12
   135/299     4.34G      2.22      3.16      1.41      6.79       237       448     0.402     0.394     0.356     0.389      2.08      2.47      1.11
   136/299     4.34G      2.22      3.16      1.41      6.79       203       448     0.403     0.395     0.356      0.39      2.08      2.47      1.11
   137/299     4.34G      2.21      3.17      1.41      6.79       190       448     0.404     0.394     0.356      0.39      2.08      2.47      1.11
   138/299     4.34G      2.21      3.15       1.4      6.77       185       448     0.404     0.395     0.356      0.39      2.08      2.47      1.11
   139/299     4.34G      2.21      3.16       1.4      6.77       181       448     0.405     0.394     0.357      0.39      2.08      2.47      1.11
   140/299     4.34G      2.21      3.16       1.4      6.77       224       448     0.404     0.395     0.357      0.39      2.08      2.47      1.11
   141/299     4.34G      2.21      3.15       1.4      6.76       239       448     0.403     0.396     0.357      0.39      2.08      2.47      1.11
   142/299     4.34G      2.21      3.15       1.4      6.75       231       448     0.403     0.396     0.357      0.39      2.08      2.47      1.11
   143/299     4.34G      2.21      3.16       1.4      6.76       200       448     0.403     0.397     0.358      0.39      2.08      2.47      1.11
   144/299     4.34G       2.2      3.16       1.4      6.76       162       448     0.404     0.397     0.358     0.391      2.08      2.47       1.1
   145/299     4.34G       2.2      3.15       1.4      6.75       187       448     0.404     0.396     0.358      0.39      2.08      2.47       1.1
   146/299     4.34G       2.2      3.15      1.39      6.75       232       448     0.403     0.397     0.358     0.391      2.08      2.47       1.1
   147/299     4.34G       2.2      3.15      1.39      6.74       230       448     0.403     0.398     0.358     0.391      2.08      2.46       1.1
   148/299     4.34G       2.2      3.16      1.39      6.74       132       448     0.403     0.399     0.359     0.392      2.08      2.46       1.1
   149/299     4.34G       2.2      3.15      1.39      6.74       218       448     0.405     0.399     0.359     0.392      2.08      2.46       1.1
   150/299     4.34G       2.2      3.15      1.38      6.74       220       448     0.404     0.399     0.359     0.392      2.07      2.46       1.1
   151/299     4.34G       2.2      3.15      1.38      6.73       221       448     0.403     0.398     0.359     0.391      2.07      2.46       1.1
   152/299     4.34G       2.2      3.14      1.38      6.72       242       448     0.402     0.399     0.359     0.392      2.07      2.46       1.1
   153/299     4.34G      2.19      3.16      1.38      6.73       113       448     0.402     0.399      0.36     0.391      2.07      2.46       1.1
   154/299     4.34G      2.19      3.15      1.38      6.72       214       448     0.402       0.4     0.361     0.391      2.07      2.46       1.1
   155/299     4.34G      2.19      3.14      1.38      6.71       264       448     0.402     0.401     0.361     0.392      2.07      2.46       1.1
   156/299     4.34G      2.19      3.14      1.37      6.71       244       448     0.403     0.401     0.361     0.393      2.07      2.46      1.09
   157/299     4.34G      2.19      3.14      1.37       6.7       184       448     0.403     0.401     0.362     0.393      2.07      2.46      1.09
   158/299     4.34G      2.19      3.14      1.37       6.7       267       448     0.403     0.402     0.361     0.394      2.07      2.46      1.09
   159/299     4.34G      2.19      3.14      1.37      6.69       281       448     0.402     0.401     0.362     0.392      2.07      2.46      1.09
   160/299     4.34G      2.18      3.15      1.37       6.7       159       448     0.401       0.4     0.362     0.392      2.07      2.46      1.09
   161/299     4.34G      2.18      3.14      1.37      6.69       199       448       0.4       0.4     0.362     0.391      2.07      2.46      1.09
   162/299     4.34G      2.18      3.13      1.36      6.67       222       448     0.401     0.401     0.362     0.392      2.07      2.46      1.09
   163/299     4.34G      2.18      3.14      1.37      6.68       218       448       0.4     0.402     0.363     0.392      2.07      2.46      1.09
   164/299     4.34G      2.18      3.14      1.36      6.68       169       448       0.4     0.402     0.363     0.393      2.07      2.46      1.09
   165/299     4.34G      2.18      3.14      1.36      6.68       267       448     0.402     0.404     0.364     0.394      2.07      2.46      1.09
   166/299     4.34G      2.18      3.14      1.36      6.67       206       448     0.403     0.405     0.364     0.395      2.06      2.46      1.09
   167/299     4.34G      2.18      3.14      1.36      6.67       296       448     0.402     0.404     0.364     0.395      2.06      2.46      1.09
   168/299     4.34G      2.17      3.14      1.35      6.66       113       448     0.403     0.405     0.365     0.395      2.06      2.46      1.09
   169/299     4.34G      2.17      3.13      1.35      6.65       150       448     0.403     0.406     0.365     0.396      2.06      2.46      1.08
   170/299     4.34G      2.17      3.13      1.35      6.65       236       448     0.402     0.406     0.365     0.396      2.06      2.46      1.08
   171/299     4.34G      2.17      3.13      1.35      6.64       141       448     0.403     0.408     0.366     0.397      2.06      2.46      1.08
   172/299     4.34G      2.17      3.14      1.34      6.65       162       448     0.403     0.408     0.366     0.397      2.06      2.45      1.08
   173/299     4.34G      2.16      3.13      1.34      6.64       251       448     0.402     0.408     0.366     0.396      2.06      2.45      1.08
   174/299     4.34G      2.17      3.13      1.34      6.64       236       448     0.401     0.407     0.366     0.395      2.06      2.45      1.08
   175/299     4.34G      2.16      3.12      1.34      6.62       157       448     0.402     0.407     0.366     0.396      2.06      2.45      1.08
   176/299     4.34G      2.16      3.13      1.34      6.63       222       448     0.401     0.408     0.365     0.396      2.06      2.45      1.08
   177/299     4.34G      2.16      3.13      1.33      6.62       206       448       0.4     0.408     0.365     0.396      2.06      2.45      1.08
   178/299     4.34G      2.16      3.13      1.33      6.61       169       448     0.399     0.408     0.366     0.395      2.06      2.45      1.08
   179/299     4.34G      2.15      3.13      1.33      6.61       211       448     0.399     0.409     0.366     0.396      2.06      2.45      1.07
   180/299     4.34G      2.15      3.12      1.33      6.61       238       448     0.402      0.41     0.367     0.397      2.06      2.45      1.07
   181/299     4.34G      2.15      3.11      1.33      6.59       227       448     0.402      0.41     0.368     0.398      2.06      2.45      1.07
   182/299     4.34G      2.15      3.12      1.33      6.61       217       448     0.401     0.411     0.368     0.398      2.05      2.45      1.07
   183/299     4.34G      2.15      3.13      1.32       6.6       274       448     0.402     0.413     0.368     0.399      2.05      2.45      1.07
   184/299     4.34G      2.15      3.12      1.32      6.59       180       448     0.402     0.413     0.369     0.399      2.05      2.45      1.07
   185/299     4.34G      2.15      3.11      1.32      6.58       211       448       0.4     0.413     0.369     0.399      2.05      2.45      1.07
   186/299     4.34G      2.15      3.12      1.32      6.58       276       448     0.401     0.413     0.368     0.399      2.05      2.45      1.07
   187/299     4.34G      2.14      3.12      1.32      6.58       244       448     0.402     0.413     0.368     0.399      2.05      2.45      1.07
   188/299     4.34G      2.14      3.11      1.31      6.56       204       448     0.399     0.413     0.369     0.398      2.05      2.45      1.07
   189/299     4.34G      2.14      3.12      1.32      6.58       223       448     0.413     0.414      0.37     0.401      2.05      2.45      1.06
   190/299     4.34G      2.14      3.11      1.31      6.56       237       448     0.412     0.415      0.37     0.401      2.05      2.45      1.06
   191/299     4.34G      2.14      3.12      1.31      6.57       158       448     0.413     0.416      0.37     0.402      2.05      2.45      1.06
   192/299     4.34G      2.14       3.1      1.31      6.54       172       448     0.413     0.416      0.37     0.402      2.05      2.45      1.06
   193/299     4.34G      2.13       3.1       1.3      6.54       235       448     0.414     0.417     0.371     0.403      2.05      2.45      1.06
   194/299     4.34G      2.13       3.1       1.3      6.54       263       448     0.413     0.418     0.372     0.403      2.05      2.45      1.06
   195/299     4.34G      2.13       3.1       1.3      6.53       190       448     0.402     0.417     0.372     0.401      2.05      2.45      1.06
   196/299     4.34G      2.13      3.11       1.3      6.54       283       448     0.402     0.417     0.372     0.401      2.04      2.45      1.06
   197/299     4.34G      2.13       3.1       1.3      6.52       222       448     0.401     0.416     0.372       0.4      2.04      2.44      1.06
   198/299     4.34G      2.13      3.11      1.29      6.53       159       448       0.4     0.416     0.372       0.4      2.04      2.44      1.06
   199/299     4.34G      2.12       3.1      1.29      6.52       176       448     0.401     0.417     0.372       0.4      2.04      2.44      1.06
   200/299     4.34G      2.12      3.11      1.29      6.52       161       448     0.401     0.418     0.373     0.401      2.04      2.44      1.06
   201/299     4.34G      2.12       3.1      1.29      6.51       323       448       0.4     0.417     0.373       0.4      2.04      2.44      1.06
   202/299     4.34G      2.12      3.11      1.28       6.5       180       448       0.4     0.419     0.373     0.401      2.04      2.44      1.06
   203/299     4.34G      2.12      3.11      1.28      6.51       234       448     0.402     0.419     0.374     0.402      2.04      2.44      1.06
   204/299     4.34G      2.11       3.1      1.28       6.5       229       448       0.4     0.419     0.374     0.401      2.04      2.44      1.06
   205/299     4.34G      2.11      3.09      1.28      6.49       192       448     0.402     0.419     0.374     0.402      2.04      2.44      1.05
   206/299     4.34G      2.11      3.09      1.27      6.48       241       448     0.403      0.42     0.374     0.403      2.04      2.44      1.05
   207/299     4.34G      2.11      3.09      1.28      6.48       164       448     0.403      0.42     0.375     0.404      2.04      2.44      1.05
   208/299     4.34G      2.11      3.09      1.27      6.47       203       448     0.402      0.42     0.375     0.403      2.04      2.44      1.05
   209/299     4.34G      2.11      3.09      1.27      6.47       268       448     0.403     0.421     0.375     0.404      2.04      2.44      1.05
   210/299     4.34G      2.11       3.1      1.27      6.48       244       448     0.403     0.421     0.375     0.404      2.04      2.44      1.05
   211/299     4.34G       2.1      3.09      1.27      6.46       300       448     0.404     0.421     0.375     0.404      2.04      2.44      1.05
   212/299     4.34G       2.1      3.09      1.27      6.46       251       448     0.402     0.421     0.376     0.404      2.04      2.44      1.05
   213/299     4.34G       2.1      3.09      1.26      6.45       225       448     0.401      0.42     0.377     0.403      2.04      2.44      1.05
   214/299     4.34G       2.1      3.09      1.26      6.45       211       448     0.401     0.421     0.376     0.404      2.03      2.44      1.05
   215/299     4.34G       2.1      3.09      1.26      6.44       139       448     0.401     0.423     0.377     0.404      2.03      2.44      1.05
   216/299     4.34G      2.09      3.08      1.26      6.43       175       448     0.402     0.423     0.377     0.404      2.03      2.44      1.04
   217/299     4.34G      2.09      3.08      1.25      6.43       173       448     0.401     0.422     0.377     0.404      2.03      2.44      1.04
   218/299     4.34G      2.09      3.08      1.25      6.42       217       448     0.403     0.422     0.378     0.405      2.03      2.44      1.04
   219/299     4.34G      2.09      3.08      1.25      6.42       241       448     0.401     0.422     0.378     0.404      2.03      2.44      1.04
   220/299     4.34G      2.09      3.09      1.25      6.43       211       448     0.401     0.422     0.377     0.404      2.03      2.43      1.04
   221/299     4.34G      2.09      3.07      1.25       6.4       206       448       0.4     0.422     0.378     0.404      2.03      2.43      1.04
   222/299     4.34G      2.08      3.06      1.24      6.39       188       448     0.402     0.423     0.379     0.405      2.03      2.43      1.04
   223/299     4.34G      2.08      3.08      1.24       6.4       201       448       0.4     0.423     0.379     0.404      2.03      2.43      1.04
   224/299     4.34G      2.08      3.08      1.24       6.4       185       448     0.402     0.425     0.379     0.406      2.03      2.43      1.04
   225/299     4.34G      2.08      3.07      1.24      6.39       175       448     0.402     0.425     0.379     0.406      2.03      2.43      1.04
   226/299     4.34G      2.08      3.07      1.23      6.38       235       448     0.402     0.426     0.379     0.406      2.03      2.43      1.04
   227/299     4.34G      2.08      3.07      1.23      6.38       185       448     0.403     0.426      0.38     0.407      2.03      2.43      1.04
   228/299     4.34G      2.07      3.06      1.23      6.37       209       448     0.402     0.427      0.38     0.407      2.03      2.43      1.04
   229/299     4.34G      2.07      3.06      1.23      6.36       244       448     0.403     0.427     0.381     0.408      2.03      2.43      1.04
   230/299     4.34G      2.07      3.06      1.22      6.35       286       448     0.403     0.427     0.381     0.408      2.02      2.43      1.04
   231/299     4.34G      2.07      3.06      1.23      6.35       152       448     0.402     0.427     0.381     0.407      2.02      2.43      1.03
   232/299     4.34G      2.06      3.07      1.22      6.35       212       448     0.401     0.426     0.381     0.406      2.02      2.43      1.03
   233/299     4.34G      2.06      3.06      1.22      6.34       218       448     0.414     0.429     0.383     0.409      2.02      2.43      1.03
   234/299     4.34G      2.06      3.07      1.22      6.35       232       448     0.415     0.429     0.383      0.41      2.02      2.43      1.03
   235/299     4.34G      2.06      3.06      1.22      6.34       332       448     0.414      0.43     0.383      0.41      2.02      2.43      1.03
   236/299     4.34G      2.06      3.06      1.21      6.33       218       448     0.415     0.429     0.383      0.41      2.02      2.43      1.03
   237/299     4.34G      2.06      3.06      1.21      6.32       209       448     0.416      0.43     0.383     0.411      2.02      2.43      1.03
   238/299     4.34G      2.05      3.06       1.2      6.32       245       448     0.417      0.43     0.384     0.411      2.02      2.43      1.03
   239/299     4.34G      2.05      3.06       1.2      6.32       180       448     0.416     0.431     0.384     0.412      2.02      2.43      1.03
   240/299     4.34G      2.05      3.06       1.2      6.31       172       448     0.416     0.432     0.384     0.412      2.02      2.43      1.03
   241/299     4.34G      2.05      3.05       1.2       6.3       285       448     0.416     0.432     0.385     0.412      2.02      2.43      1.03
   242/299     4.34G      2.05      3.06       1.2       6.3       243       448     0.402      0.43     0.384     0.409      2.02      2.42      1.02
   243/299     4.34G      2.05      3.05       1.2       6.3       204       448     0.401     0.432     0.384     0.409      2.02      2.42      1.02
   244/299     4.34G      2.04      3.05      1.19      6.29       193       448       0.4     0.431     0.384     0.408      2.02      2.42      1.02
   245/299     4.34G      2.04      3.05      1.19      6.28       158       448     0.402     0.433     0.384      0.41      2.02      2.42      1.02
   246/299     4.34G      2.04      3.04      1.19      6.27       260       448     0.404     0.434     0.385     0.411      2.02      2.42      1.02
   247/299     4.34G      2.04      3.06      1.19      6.28       240       448     0.403     0.433     0.384      0.41      2.02      2.42      1.02
   248/299     4.34G      2.04      3.04      1.19      6.26       219       448     0.402     0.434     0.385      0.41      2.02      2.42      1.02
   249/299     4.34G      2.03      3.05      1.19      6.27       241       448     0.402     0.434     0.386      0.41      2.01      2.42      1.02
   250/299     4.34G      2.03      3.04      1.18      6.25       185       448     0.402     0.433     0.386      0.41      2.01      2.42      1.02
   251/299     4.34G      2.03      3.04      1.18      6.25       241       448     0.402     0.434     0.386      0.41      2.01      2.42      1.02
   252/299     4.34G      2.03      3.04      1.18      6.24       202       448     0.415     0.435     0.386     0.413      2.01      2.42      1.02
   253/299     4.34G      2.03      3.03      1.18      6.24       208       448     0.416     0.436     0.387     0.414      2.01      2.42      1.02
   254/299     4.34G      2.03      3.05      1.18      6.26       240       448     0.415     0.435     0.387     0.413      2.01      2.42      1.02
   255/299     4.34G      2.02      3.03      1.17      6.22       208       448     0.416     0.436     0.387     0.414      2.01      2.42      1.02
   256/299     4.34G      2.02      3.04      1.17      6.23       352       448     0.414     0.435     0.387     0.413      2.01      2.42      1.02
   257/299     4.34G      2.02      3.03      1.17      6.22       199       448     0.413     0.435     0.387     0.412      2.01      2.42      1.02
   258/299     4.34G      2.01      3.02      1.16       6.2       231       448     0.413     0.437     0.387     0.413      2.01      2.42      1.01
   259/299     4.34G      2.02      3.03      1.16      6.21       245       448     0.413     0.436     0.387     0.413      2.01      2.42      1.01
   260/299     4.34G      2.01      3.03      1.16       6.2       230       448     0.415     0.437     0.387     0.414      2.01      2.42      1.01
   261/299     4.34G      2.01      3.03      1.16       6.2       234       448     0.415     0.438     0.388     0.414      2.01      2.42      1.01
   262/299     4.34G      2.01      3.02      1.15      6.19       268       448     0.416     0.438     0.388     0.415      2.01      2.42      1.01
   263/299     4.34G      2.01      3.03      1.16      6.19       240       448     0.416     0.439     0.388     0.416      2.01      2.42      1.01
   264/299     4.34G      2.01      3.03      1.15      6.19       192       448     0.415     0.438     0.388     0.415      2.01      2.42      1.01
   265/299     4.34G         2      3.02      1.15      6.18       164       448     0.403     0.437     0.387     0.413      2.01      2.42      1.01
   266/299     4.34G         2      3.02      1.15      6.17       213       448     0.403     0.438     0.387     0.413         2      2.42      1.01
   267/299     4.34G         2      3.02      1.15      6.17       151       448     0.403     0.438     0.388     0.413         2      2.42      1.01
   268/299     4.34G         2      3.02      1.14      6.16       233       448     0.403     0.439     0.388     0.413         2      2.42      1.01
   269/299     4.34G         2      3.02      1.14      6.16       183       448     0.403     0.439     0.388     0.413         2      2.42      1.01
   270/299     4.34G         2      3.02      1.14      6.16       242       448     0.402     0.439     0.388     0.413         2      2.42      1.01
   271/299     4.34G      1.99      3.02      1.14      6.15       247       448     0.402     0.438     0.388     0.413         2      2.42      1.01
   272/299     4.34G      1.99      3.01      1.14      6.15       265       448     0.403      0.44     0.388     0.414         2      2.42      1.01
   273/299     4.34G      1.99      3.01      1.14      6.14       209       448     0.403     0.439     0.389     0.414         2      2.42      1.01
   274/299     4.34G         2      3.01      1.14      6.14       279       448     0.404      0.44     0.389     0.415         2      2.42      1.01
   275/299     4.34G      1.99         3      1.13      6.13       270       448     0.404     0.439     0.389     0.414         2      2.41      1.01
   276/299     4.34G      1.99      3.01      1.13      6.13       170       448     0.402      0.44     0.389     0.414         2      2.41      1.01
   277/299     4.34G      1.99      3.01      1.13      6.13       214       448     0.403      0.44     0.389     0.414         2      2.41      1.01
   278/299     4.34G      1.99         3      1.13      6.13       179       448     0.402      0.44     0.389     0.414         2      2.41      1.01
   279/299     4.34G      1.99      3.01      1.13      6.13       210       448     0.403      0.44     0.389     0.414         2      2.41         1
   280/299     4.34G      1.99      3.01      1.12      6.12       229       448     0.402     0.441      0.39     0.414         2      2.41         1
   281/299     4.34G      1.98      3.01      1.13      6.12       215       448     0.402     0.441      0.39     0.414         2      2.41         1
   282/299     4.34G      1.98      3.01      1.12      6.12       216       448     0.403     0.443      0.39     0.416         2      2.41         1
   283/299     4.34G      1.98         3      1.12      6.11       227       448     0.403     0.442      0.39     0.415         2      2.41         1
   284/299     4.34G      1.98         3      1.12       6.1       213       448     0.403     0.443      0.39     0.416         2      2.41         1
   285/299     4.34G      1.98      3.01      1.12      6.11       341       448     0.403     0.442      0.39     0.416         2      2.41         1
   286/299     4.34G      1.98         3      1.12       6.1       231       448     0.403     0.443     0.391     0.416         2      2.41         1
   287/299     4.34G      1.98         3      1.12       6.1       212       448     0.401     0.442     0.391     0.415         2      2.41         1
   288/299     4.34G      1.98         3      1.12       6.1       208       448       0.4     0.441     0.391     0.414         2      2.41         1
   289/299     4.34G      1.97         3      1.11      6.08       249       448     0.401     0.441     0.391     0.414         2      2.41         1
   290/299     4.34G      1.98         3      1.11      6.09       216       448     0.402     0.443     0.391     0.415         2      2.41         1
   291/299     4.34G      1.97         3      1.11      6.09       181       448     0.402     0.443     0.391     0.416         2      2.41         1
   292/299     4.34G      1.97         3      1.11      6.09       199       448     0.402     0.444     0.391     0.416         2      2.41         1
   293/299     4.34G      1.97      2.99      1.11      6.08       226       448     0.402     0.444     0.391     0.416         2      2.41         1
   294/299     4.34G      1.97         3      1.12      6.09       185       448     0.403     0.443     0.392     0.416         2      2.41         1
   295/299     4.34G      1.97         3      1.11      6.09       206       448     0.403     0.444     0.391     0.416         2      2.41         1
   296/299     4.34G      1.97         3      1.12      6.09       185       448     0.402     0.443     0.391     0.415         2      2.41         1
   297/299     4.34G      1.97      2.99      1.11      6.08       235       448     0.402     0.444     0.391     0.416         2      2.41         1
   298/299     4.34G      1.97      2.99      1.11      6.08       188       448     0.402     0.443     0.392     0.415      1.99      2.41         1
   299/299    0.996G      3.22      1.72      1.31      6.25        82       640     0.145     0.263     0.148     0.172      4.53      1.14      1.04
   300/299    0.998G       3.9      1.43      1.49      6.82        21       640     0.188     0.363     0.221     0.228      3.81      1.21     0.958
   301/299    0.998G       3.2      1.77      1.27      6.24        65       640      0.22     0.382     0.289     0.263      3.08      1.31     0.938
   302/299    0.998G       2.6       1.7      1.34      5.64        55       640     0.345     0.433      0.38     0.353      2.45      1.39     0.899
   303/299    0.998G      2.35      2.02      1.34       5.7        74       640     0.345     0.444     0.402     0.362      2.31      1.41     0.886
   304/299    0.998G      2.41      1.85      1.29      5.55        38       640     0.332      0.44     0.404     0.356      2.34      1.39     0.837
   305/299    0.998G       2.3      1.86      1.13      5.29        25       640     0.366      0.44     0.424     0.377      2.25      1.39     0.807
   306/299    0.998G      2.18      2.11      1.16      5.46        40       640     0.398     0.451     0.442     0.401      2.11      1.42      0.77
   307/299    0.998G      2.11      2.08      1.28      5.46        57       640     0.406     0.479     0.464     0.417      2.04      1.43     0.739
   308/299    0.998G      2.05      2.01      1.14       5.2        36       640     0.398       0.5     0.474     0.421      1.98      1.43     0.703
   309/299    0.998G      2.05      1.87      1.11      5.03        41       640     0.387     0.523     0.483     0.422      1.97      1.44     0.685
   310/299    0.998G      1.96      1.78      1.03      4.77        46       640     0.368     0.534      0.49     0.416      1.93      1.44     0.666
   311/299    0.998G      1.92      1.92      1.04      4.88        80       640     0.377     0.561     0.513      0.43       1.9      1.45     0.652
   312/299    0.998G      1.91      1.95         1      4.86        42       640     0.357     0.567     0.517     0.418      1.88      1.45     0.626
   313/299    0.998G      1.96      1.99      1.03      4.98        74       640      0.35     0.578     0.519     0.417      1.86      1.46     0.609
   314/299    0.998G      1.91      1.84     0.884      4.64        37       640     0.348     0.601     0.522     0.421      1.84      1.46     0.589
   315/299    0.998G      1.96      1.94     0.948      4.85        17       640     0.342     0.613     0.532     0.418      1.82      1.46     0.576
   316/299    0.998G      2.08      1.86      1.07      5.01        42       640     0.338     0.621     0.533     0.417      1.82      1.47      0.56
   317/299    0.998G       1.9      1.73     0.912      4.54        32       640     0.337     0.617     0.549     0.415      1.81      1.45     0.541
   318/299    0.998G      1.86      1.75      0.88      4.49        21       640     0.349     0.622      0.55     0.428      1.81      1.43     0.531
   319/299    0.998G      1.95      1.86     0.872      4.68        61       640     0.357     0.616     0.553     0.431      1.79      1.41     0.515
   320/299    0.998G      1.84      1.91     0.854       4.6        72       640     0.359     0.618     0.564     0.433      1.78      1.39     0.501
   321/299    0.998G      1.86      1.77     0.818      4.45        28       640     0.361     0.622      0.56     0.437      1.78      1.38      0.48
   322/299    0.998G      1.98      1.68     0.842       4.5        57       640     0.367     0.632     0.565     0.443      1.78      1.38     0.468
   323/299    0.998G      1.86      1.93     0.795      4.58        18       640     0.377     0.636     0.579     0.452      1.76      1.37     0.448
   324/299    0.998G      1.86      1.87     0.938      4.67        47       640     0.385     0.634     0.581     0.458      1.75      1.37     0.434
   325/299    0.998G      1.92      1.81     0.811      4.54        23       640     0.386     0.627      0.58     0.457      1.74      1.36     0.422
   326/299    0.998G      1.87      1.84      0.73      4.44       107       640     0.387     0.635     0.589      0.46      1.75      1.36     0.408
   327/299    0.998G      1.86      1.81     0.697      4.37        21       640     0.383     0.634     0.594     0.457      1.74      1.36       0.4
   328/299    0.998G      1.86      1.72     0.733      4.31        55       640     0.387     0.637     0.587      0.46      1.74      1.35     0.395
   329/299    0.998G      1.75      1.74     0.878      4.37        37       640     0.394     0.647     0.595     0.468      1.73      1.35     0.388
   330/299    0.998G      1.81      1.73     0.744      4.28        88       640     0.392     0.657     0.595     0.472      1.73      1.35     0.381
   331/299    0.998G       1.8      1.76       0.7      4.26        34       640     0.389     0.669     0.609     0.471      1.72      1.35     0.371
   332/299    0.998G      1.79      1.84     0.677      4.31       112       640     0.399     0.678     0.614     0.481      1.72      1.35     0.356
   333/299    0.998G      1.78      1.83     0.723      4.33        21       640     0.393      0.68     0.612     0.477      1.71      1.35     0.342
   334/299    0.998G      1.87      1.73     0.744      4.35        42       640     0.387     0.685     0.614     0.474      1.72      1.34     0.335
   335/299    0.998G      1.82      1.77      0.68      4.28        61       640     0.387     0.687     0.618     0.475      1.71      1.33     0.328
   336/299    0.998G      1.79      1.63     0.679      4.11        59       640     0.383     0.698     0.617     0.476      1.71      1.34     0.321
   337/299    0.998G      1.87      1.74     0.697      4.31        39       640     0.388     0.702     0.625     0.479      1.68      1.33      0.32
   338/299    0.998G      1.76       1.7      0.68      4.14        26       640      0.39     0.698     0.629     0.478      1.68      1.31     0.314
   339/299    0.998G       1.8      1.64     0.718      4.16        30       640      0.39       0.7     0.631     0.479      1.69      1.31     0.308
   340/299    0.998G      1.78      1.68     0.612      4.08        47       640     0.395     0.696     0.637     0.482      1.68       1.3     0.302
   341/299    0.998G      1.69      1.55     0.511      3.75        77       640     0.396     0.721     0.641      0.49      1.72       1.3     0.295
   342/299    0.998G       1.8      1.66      0.58      4.03        56       640       0.4     0.709     0.648     0.492      1.72      1.28     0.284
   343/299    0.998G      1.89      1.74     0.573      4.21        69       640     0.411     0.701     0.644     0.497      1.66      1.27     0.277
   344/299    0.998G      1.82      1.63     0.574      4.02        25       640     0.407     0.709     0.648     0.497      1.67      1.27      0.27
   345/299    0.998G      1.77       1.6     0.599      3.97        41       640     0.404     0.716     0.654     0.496      1.68      1.28     0.264
   346/299    0.998G      1.83       1.8     0.577      4.21        52       640     0.398     0.721     0.662     0.493      1.67      1.29     0.263
   347/299    0.998G      1.79      1.69     0.603      4.08        43       640     0.415     0.742     0.673     0.511      1.68       1.3     0.252
   348/299    0.998G      1.79      1.58     0.568      3.94        49       640     0.419     0.753     0.679     0.515      1.68      1.31     0.247
   349/299    0.998G      1.81      1.65     0.509      3.97        58       640     0.417     0.749      0.68     0.513       1.7      1.29     0.242
   350/299    0.998G      1.76      1.56     0.597      3.91        33       640     0.426     0.752     0.679     0.521      1.69      1.27     0.241
   351/299    0.998G      1.81      1.61     0.589      4.01        38       640     0.429     0.757     0.682     0.527      1.69      1.26     0.236
   352/299    0.998G      1.85      1.55     0.561      3.96        31       640     0.416     0.757      0.68     0.517      1.71      1.25     0.235
   353/299    0.998G       1.8      1.57     0.534      3.91        35       640     0.415     0.763     0.675     0.515      1.72      1.25     0.235
   354/299    0.998G      1.77      1.74     0.557      4.06        61       640     0.409      0.76     0.671      0.51      1.71      1.26     0.235
   355/299    0.998G      1.79      1.47     0.493      3.75        43       640     0.406     0.754     0.682     0.507      1.71      1.26     0.232
   356/299    0.998G      1.78      1.67     0.555         4        60       640     0.406     0.757     0.702      0.51      1.69      1.26     0.228
   357/299    0.998G       1.8      1.63     0.554      3.98        48       640     0.424     0.761      0.71     0.525      1.72      1.25     0.225
   358/299    0.998G      1.75      1.58     0.528      3.86        43       640     0.427     0.766     0.708     0.529      1.67      1.26      0.22
   359/299    0.998G       1.8      1.72     0.505      4.03        77       640     0.439     0.759     0.713     0.535      1.66      1.24     0.219
   360/299    0.998G       1.8      1.53      0.46      3.79        33       640     0.459     0.763     0.716      0.55      1.71      1.22     0.216
   361/299    0.998G      1.77      1.61     0.505      3.88        47       640     0.454      0.78     0.718      0.55      1.67      1.21     0.214
   362/299    0.998G      1.79      1.72     0.536      4.04        22       640     0.446     0.774      0.72     0.544      1.65       1.2     0.216
   363/299    0.998G      1.73      1.59     0.482       3.8        68       640     0.435      0.77      0.71     0.531      1.65      1.21      0.22
   364/299    0.998G       1.8      1.53     0.525      3.85        52       640     0.431     0.769      0.71     0.526      1.67      1.21     0.221
   365/299    0.998G      1.79       1.6     0.516      3.91        46       640     0.433     0.778     0.709     0.531       1.7      1.23     0.225
   366/299    0.998G      1.81      1.52     0.559      3.89        64       640     0.433     0.777     0.719     0.531      1.67      1.24     0.219
   367/299    0.998G      1.81       1.6     0.432      3.83        46       640     0.431     0.773     0.708     0.525      1.69      1.25      0.21
   368/299    0.998G      1.87      1.61     0.459      3.94        52       640     0.439     0.776     0.705     0.533      1.76      1.24     0.209
   369/299    0.998G      1.92      1.42     0.464       3.8        21       640     0.438     0.763     0.695      0.53      1.76      1.22      0.21
   370/299    0.998G       1.8       1.7     0.456      3.96        27       640     0.441     0.767     0.691     0.531      1.75      1.23     0.209
   371/299    0.998G      1.84      1.47     0.525      3.83        72       640     0.461     0.791     0.708     0.552       1.7      1.24     0.206
   372/299    0.998G      1.76      1.44     0.476      3.68        22       640     0.438     0.786     0.713     0.533      1.71      1.23     0.201
   373/299    0.998G      1.88       1.5     0.491      3.88        51       640     0.427     0.787     0.695     0.524      1.82      1.24     0.197
   374/299    0.998G      1.87       1.7     0.459      4.02        49       640     0.444     0.793     0.722      0.54      1.81      1.22     0.193
   375/299    0.998G      1.77      1.47     0.499      3.75        74       640     0.455     0.799     0.744     0.553       1.7       1.2     0.193
   376/299    0.998G      1.73      1.42     0.441      3.59        40       640     0.462     0.803     0.722     0.558      1.68      1.21     0.195
   377/299    0.998G      1.74      1.65     0.436      3.83        78       640      0.46     0.797     0.727     0.554      1.65       1.2     0.193
   378/299    0.998G      1.78      1.54     0.467      3.79        46       640     0.451     0.797     0.732     0.546      1.65       1.2      0.19
   379/299    0.998G      1.79      1.46     0.474      3.73        50       640      0.45     0.804     0.739     0.549      1.64      1.17     0.186
   380/299    0.998G       1.7      1.59     0.439      3.73        42       640     0.454     0.804     0.727     0.554      1.65      1.15     0.185
   381/299    0.998G      1.82      1.52     0.444      3.79        41       640     0.468     0.811     0.729     0.568       1.7      1.16     0.182
   382/299    0.998G      1.92      1.58     0.433      3.93        79       640     0.442      0.79     0.726     0.544      1.87      1.15     0.183
   383/299    0.998G       1.8      1.37     0.458      3.62        34       640     0.464     0.805     0.753     0.563       1.7      1.19     0.182
   384/299    0.998G      1.79      1.57     0.427      3.79        45       640     0.466     0.793     0.731     0.563       1.7      1.15     0.181
   385/299    0.998G      1.73      1.46     0.421      3.61        51       640     0.463     0.805     0.745     0.565      1.71      1.13     0.178
   386/299    0.998G      1.89      1.53     0.454      3.87        46       640     0.462     0.807     0.756     0.563      1.76      1.13     0.179
   387/299    0.998G      1.88      1.56     0.441      3.87        33       640     0.447     0.808     0.743      0.55      1.74      1.13     0.182
   388/299    0.998G      1.77      1.43     0.507       3.7        38       640     0.435     0.805     0.727     0.539      1.68      1.16     0.188
   389/299    0.998G      1.74      1.45     0.468      3.66        37       640     0.436     0.816     0.744     0.541      1.66      1.17      0.19
   390/299    0.998G      1.84      1.53     0.442      3.82        47       640     0.453     0.814     0.759     0.555      1.63      1.14     0.188
   391/299    0.998G      1.77      1.34     0.441      3.55        68       640     0.417     0.816     0.746      0.53      1.76      1.12     0.187
   392/299    0.998G      1.77      1.44     0.454      3.66        48       640     0.428     0.808     0.744     0.535       1.7      1.15     0.186
   393/299    0.998G      1.76      1.45     0.393       3.6        26       640     0.431     0.827     0.747      0.54      1.73      1.17     0.181
   394/299    0.998G      1.78       1.4     0.383      3.57        42       640     0.442     0.815      0.75     0.546      1.75      1.14     0.185
   395/299    0.998G      1.79      1.43      0.47      3.69        23       640     0.449     0.815     0.752      0.55      1.72      1.13     0.187
   396/299    0.998G      1.81      1.44     0.401      3.65        30       640     0.476     0.813     0.753      0.57      1.71      1.14     0.187
   397/299    0.998G       1.8      1.64     0.406      3.85        50       640     0.472     0.809     0.759     0.567      1.64      1.15     0.184
   398/299    0.998G      1.79      1.42      0.46      3.68        58       640     0.461     0.803      0.75     0.557      1.71      1.17     0.177
   399/299    0.998G      1.78      1.48     0.401      3.66        83       640     0.467      0.82      0.76     0.566       1.7      1.13     0.177
   400/299    0.998G      1.87      1.53     0.432      3.83        24       640     0.441     0.808     0.748     0.544      1.77      1.12     0.178
   401/299    0.998G      1.85      1.49     0.499      3.85        79       640     0.458     0.813     0.746      0.56      1.77      1.14     0.179
   402/299    0.998G      1.89      1.52     0.461      3.87        34       640     0.479     0.828     0.771     0.581      1.71      1.13     0.179
   403/299    0.998G      1.75      1.45     0.464      3.66        22       640     0.453     0.817     0.756     0.555      1.73      1.17     0.176
   404/299    0.998G      1.75      1.38     0.366       3.5        64       640     0.462     0.841      0.78     0.572      1.69      1.16     0.176
   405/299    0.998G      1.87      1.53     0.442      3.85        49       640     0.455     0.835     0.755     0.565      1.71      1.15     0.176
   406/299    0.998G      1.78      1.46     0.406      3.64        44       640     0.427     0.824     0.746     0.534      1.79      1.18     0.175
   407/299    0.998G      1.84      1.62     0.424      3.88        53       640     0.439     0.833     0.745      0.55      1.77       1.2     0.172
   408/299    0.998G      1.78      1.48     0.426      3.68        33       640     0.457     0.837     0.746     0.563      1.75      1.14     0.168
   409/299    0.998G      1.88       1.4     0.409       3.7        59       640     0.457     0.834     0.738     0.567      1.81       1.1     0.168
   410/299    0.998G      1.82      1.51     0.422      3.76        29       640     0.469     0.809      0.74     0.568      1.82      1.09     0.178
   411/299    0.998G      1.85      1.43     0.446      3.73        82       640     0.473     0.832     0.765     0.579      1.74      1.08     0.179
   412/299    0.998G      1.91      1.51     0.426      3.85        28       640     0.432     0.811     0.723     0.539      1.78      1.11     0.177
   413/299    0.998G      1.77      1.57     0.392      3.73        74       640     0.455     0.819     0.752     0.559      1.72      1.08      0.18
   414/299    0.998G      1.86      1.46     0.392      3.71        52       640     0.481     0.845     0.779     0.589      1.72      1.08     0.181
   415/299    0.998G      1.84      1.35     0.411      3.61        74       640     0.458     0.841     0.768     0.569      1.81      1.12     0.181
   416/299    0.998G       1.8      1.47     0.483      3.75        40       640     0.453     0.832     0.752     0.558      1.74      1.13     0.182
   417/299    0.998G       1.8      1.55     0.428      3.79        44       640     0.463      0.82     0.753     0.563      1.69      1.11     0.178
   418/299    0.998G      1.74      1.39     0.379      3.51        73       640     0.469     0.827     0.745     0.575      1.78       1.1     0.169
   419/299    0.998G      1.87      1.42     0.402       3.7       112       640     0.484     0.821     0.763     0.584      1.78      1.09     0.173
   420/299    0.998G      1.94      1.41     0.415      3.76        45       640     0.483     0.829     0.761     0.587      1.85      1.14     0.165
   421/299    0.998G      1.88      1.48     0.381      3.74        47       640     0.474     0.823     0.755     0.581       1.8      1.12     0.171
   422/299    0.998G      1.86      1.48     0.437      3.78        39       640      0.48     0.845     0.783     0.594      1.76       1.1     0.171
   423/299    0.998G      1.77      1.49     0.416      3.67        43       640      0.51     0.848     0.788      0.62      1.69      1.06     0.176
   424/299    0.998G      1.83      1.41     0.413      3.65        46       640     0.487     0.834     0.759     0.597      1.75      1.06      0.18
   425/299    0.998G      1.77      1.54     0.407      3.72        45       640     0.463     0.832     0.757     0.576      1.81      1.08     0.182
   426/299    0.998G      1.84      1.24     0.425       3.5        36       640     0.463     0.835     0.754     0.577      1.79      1.05     0.183
   427/299    0.998G      1.73      1.53     0.406      3.67        79       640     0.498     0.819      0.75     0.601      1.66      1.02     0.182
   428/299    0.998G      1.75      1.45     0.345      3.55        75       640     0.494      0.84     0.765     0.603      1.66      1.04      0.18
   429/299    0.998G      1.72       1.4     0.382       3.5        42       640     0.467     0.847     0.761     0.582      1.69      1.07     0.175
   430/299    0.998G      1.86      1.47     0.405      3.73        85       640     0.487     0.835     0.757     0.593      1.75      1.05     0.172
   431/299    0.998G      1.98      1.35     0.331      3.66        53       640     0.495     0.827     0.775     0.602      1.86      1.05     0.173
   432/299    0.998G      1.97       1.4     0.443      3.82        70       640     0.482     0.837     0.761     0.592      1.76      1.03     0.183
   433/299    0.998G      1.87      1.36     0.453      3.68        42       640      0.51     0.847     0.783     0.614      1.72      1.04     0.185
   434/299    0.998G      1.78       1.3     0.406      3.49        34       640     0.492      0.82     0.763     0.595      1.71      1.05     0.182
   435/299    0.998G      1.78      1.39     0.391      3.56        66       640     0.487     0.812     0.763     0.588       1.7      1.04     0.178
   436/299    0.998G      1.71      1.39     0.377      3.49        42       640     0.464     0.814     0.758     0.569      1.68      1.05     0.177
   437/299    0.998G      1.93       1.3     0.419      3.65        55       640     0.463      0.82      0.74     0.568      1.86      1.06     0.178
   438/299    0.998G         2       1.3     0.419      3.72        35       640     0.475     0.822      0.75     0.581      1.81      1.05     0.183
   439/299    0.998G      1.82      1.39     0.357      3.57        47       640     0.474     0.822      0.75     0.583      1.76      1.07      0.19
   440/299    0.998G      1.82      1.41     0.414      3.65        45       640     0.465     0.834     0.765     0.575       1.7       1.1     0.184
   441/299    0.998G      1.85      1.38      0.41      3.65        32       640      0.46     0.836     0.761     0.569       1.7       1.1     0.183
   442/299    0.998G       1.8       1.3     0.418      3.52        62       640     0.475     0.843     0.783     0.585      1.65      1.05     0.176
   443/299    0.998G      1.85      1.31     0.382      3.54        19       640     0.469     0.845     0.795     0.582      1.67      1.07     0.177
   444/299    0.998G      1.85      1.32     0.407      3.58        66       640     0.474      0.84      0.77     0.587      1.68      1.01     0.176
   445/299    0.998G      1.76      1.43     0.333      3.52        59       640     0.473     0.832     0.753     0.584      1.69      1.02     0.179
   446/299    0.998G      1.86      1.38     0.359      3.59        83       640     0.438     0.834      0.74     0.552      1.79      1.08     0.175
   447/299    0.998G       1.9       1.5      0.38      3.78        43       640     0.454     0.835     0.753     0.567      1.74      1.07     0.175
   448/299    0.998G      1.96      1.37     0.389      3.73        31       640     0.452     0.832     0.757     0.566      1.83      1.05     0.184
   449/299    0.998G      1.86      1.47     0.361      3.68        47       640     0.457     0.812     0.737     0.562       1.8      1.04      0.19
   450/299    0.998G      1.81      1.43      0.35      3.59        58       640     0.488     0.845      0.78     0.599      1.69         1     0.191
   451/299    0.998G      1.82      1.43     0.382      3.63        65       640     0.479     0.831     0.767     0.588      1.64      1.02     0.179
   452/299    0.998G      1.77      1.29     0.362      3.42        25       640     0.469     0.814     0.766     0.577      1.73      1.02     0.174
   453/299    0.998G      1.85      1.45     0.353      3.66        97       640      0.49     0.842     0.784     0.601      1.75      1.01     0.174
   454/299    0.998G      1.94      1.33     0.436       3.7        30       640     0.509     0.839     0.785     0.613      1.83     0.973     0.183
   455/299    0.998G      1.91      1.31     0.388      3.61        28       640     0.511     0.844     0.783     0.616      1.83     0.991     0.193
   456/299    0.998G      1.94      1.44     0.355      3.73        44       640     0.511     0.832     0.768     0.615      1.83      1.01     0.198
   457/299    0.998G      1.95      1.31     0.382      3.64        24       640       0.5     0.839     0.768     0.605      1.77      1.06     0.206
   458/299    0.998G      1.81      1.45     0.402      3.66        62       640     0.472     0.843     0.777     0.586      1.71      1.04     0.205
   459/299    0.998G      1.82      1.51      0.39      3.72       106       640     0.464      0.84      0.78     0.578      1.76      1.04     0.199
   460/299    0.998G      1.81      1.33     0.405      3.54        50       640     0.457     0.836     0.787     0.568      1.66      1.12       0.2
   461/299    0.998G      1.91      1.53     0.417      3.86        26       640     0.464     0.838     0.767     0.571      1.68       1.2     0.208
   462/299    0.998G      1.84      1.41     0.462      3.71        38       640     0.464     0.854     0.781     0.578      1.69      1.14     0.204
   463/299    0.998G      1.83       1.2     0.442      3.48        25       640     0.498     0.837     0.761     0.601      1.71      1.07     0.201
   464/299    0.998G      1.78      1.29     0.431       3.5        48       640     0.539      0.84     0.782     0.637      1.72     0.983     0.189
   465/299    0.998G      1.79      1.36     0.367      3.52        47       640     0.512      0.84     0.767     0.617      1.76     0.982     0.174
   466/299    0.998G      1.95      1.38     0.386      3.71        39       640     0.476     0.835     0.755     0.589      1.81      1.02     0.171
   467/299    0.998G      1.99      1.39     0.428      3.82       101       640     0.484     0.842     0.767     0.594      1.79      1.03     0.183
   468/299    0.998G      1.91      1.28     0.328      3.51        34       640      0.47     0.831     0.753      0.58      1.76      1.05     0.186
   469/299    0.998G      1.84      1.35     0.422      3.61        54       640     0.495     0.832     0.783     0.604      1.73      1.01     0.183
   470/299    0.998G      1.81      1.38     0.356      3.54        82       640     0.471     0.819     0.761     0.583      1.73         1     0.177
   471/299    0.998G       1.9      1.39     0.411       3.7        75       640     0.458     0.834     0.768     0.575      1.76      1.04     0.176
   472/299    0.998G       1.9      1.37     0.368      3.63        45       640     0.452     0.843     0.749     0.567      1.85      1.06     0.181
   473/299    0.998G      1.94      1.34      0.44      3.71        47       640     0.471      0.83     0.746     0.577      1.79      1.06     0.192
   474/299    0.998G      1.93      1.37     0.429      3.73        36       640     0.477     0.839     0.744     0.587      1.81      1.03     0.196
   475/299    0.998G      1.86      1.29     0.422      3.57        34       640     0.463     0.836     0.764     0.574      1.77     0.999      0.19
   476/299    0.998G      1.91      1.33     0.401      3.65        37       640     0.478     0.848     0.776     0.593      1.73     0.987     0.189
   477/299    0.998G      2.01      1.35     0.351      3.72        64       640     0.507     0.852     0.788     0.613      1.91      1.05     0.178
   478/299    0.998G      2.02      1.33      0.41      3.76        60       640     0.508      0.84     0.783     0.611      1.82     0.992     0.185
   479/299    0.998G      1.91      1.35     0.413      3.66        49       640     0.514     0.844      0.79     0.612      1.78      1.01     0.195
   480/299    0.998G      1.87      1.34     0.397      3.61        66       640     0.518     0.844     0.769     0.621      1.78     0.995     0.201
   481/299    0.998G      1.92      1.36     0.399      3.68        77       640     0.473      0.84     0.767     0.584      1.78      1.04     0.192
   482/299    0.998G      1.97      1.43     0.419      3.81        39       640     0.464     0.862     0.787     0.584      1.79      1.06     0.192
   483/299    0.998G      1.85       1.4     0.382      3.63        51       640     0.452      0.85     0.771     0.573      1.83      1.02     0.185
   484/299    0.998G      1.84      1.42     0.345       3.6        67       640     0.477     0.854      0.79     0.593      1.78     0.988     0.186
   485/299    0.998G      1.92      1.33     0.414      3.66        53       640     0.457     0.861     0.793     0.577      1.79      1.02     0.185
   486/299    0.998G      1.94      1.37     0.424      3.74        84       640     0.443     0.857     0.777     0.563      1.81      1.05     0.182
   487/299    0.998G      1.96      1.37     0.381      3.72        43       640     0.437     0.856     0.787     0.556      1.86      1.08     0.184
   488/299    0.998G      1.87      1.26     0.359      3.49        34       640      0.46     0.852     0.786     0.572      1.85      1.09     0.193
   489/299    0.998G      1.98      1.39     0.408      3.78        58       640     0.449     0.856      0.76     0.563      1.87       1.1     0.189
   490/299    0.998G      1.92       1.4     0.372      3.69        59       640     0.444     0.858     0.773     0.564      1.76      1.07     0.183
   491/299    0.998G      1.88      1.42     0.366      3.67        60       640     0.454     0.841     0.772     0.571      1.78      1.01     0.183
   492/299    0.998G      1.96      1.28     0.411      3.65        55       640     0.482     0.851      0.78     0.592      1.79     0.988     0.184
   493/299    0.998G      1.87      1.35     0.386       3.6        56       640     0.502     0.856     0.801     0.607      1.75     0.976     0.188
   494/299    0.998G      1.87      1.28     0.337      3.49        54       640     0.504     0.844     0.778     0.608      1.75     0.938     0.189
   495/299    0.998G       1.9      1.29     0.367      3.55        28       640     0.493     0.846     0.796     0.602      1.78      0.96     0.189
   496/299    0.998G      1.91       1.3     0.381       3.6        47       640      0.47     0.836     0.766     0.579      1.88     0.971     0.191
   497/299    0.998G      1.84      1.45     0.387      3.67        70       640     0.473     0.831     0.766     0.582      1.73     0.961      0.19
   498/299    0.998G      1.85      1.24     0.382      3.47        30       640     0.491     0.824      0.76     0.596      1.76      0.98     0.191
   499/299    0.998G      1.91      1.33     0.375      3.61        16       640     0.501     0.856     0.778     0.611      1.81         1     0.187
   500/299    0.998G       1.9      1.53      0.39      3.82        70       640     0.512     0.835      0.77      0.61      1.75     0.983     0.195
   501/299    0.998G      1.87      1.37     0.404      3.64        71       640     0.516     0.855     0.793     0.617      1.78         1     0.187
   502/299    0.998G      1.85      1.28     0.402      3.53        46       640     0.516     0.853     0.792     0.614      1.69      1.01     0.191
   503/299    0.998G      1.93      1.16      0.36      3.44        48       640     0.535     0.857     0.795     0.632      1.76     0.985     0.194
   504/299    0.998G      1.96      1.35     0.387       3.7        30       640      0.52     0.827     0.774     0.614      1.81      0.96     0.195
   505/299    0.998G      1.87      1.34     0.357      3.57        29       640     0.514     0.857     0.795     0.614      1.78     0.985       0.2
   506/299    0.998G      1.94      1.29     0.398      3.62        74       640     0.499     0.858     0.804     0.603       1.8     0.999     0.208
   507/299    0.998G      1.91      1.29     0.398       3.6        26       640     0.491     0.854     0.797     0.599       1.8     0.991     0.209
   508/299    0.998G      1.86       1.3     0.355      3.52        58       640     0.485     0.844      0.79     0.593      1.75      0.98     0.202
   509/299    0.998G      1.84      1.35     0.406       3.6        70       640     0.483     0.833     0.785      0.59      1.76      1.02     0.199
   510/299    0.998G      1.93      1.24     0.385      3.55        35       640     0.488     0.849     0.788     0.596      1.74         1      0.19
   511/299    0.998G       1.9       1.3      0.39      3.59        46       640     0.488     0.822     0.757     0.592      1.76     0.942     0.186
   512/299    0.998G      1.89      1.24     0.328      3.46        60       640     0.512     0.844      0.77     0.614      1.73     0.935     0.185
   513/299    0.998G      1.88      1.21     0.355      3.44        76       640     0.511     0.849     0.777     0.615      1.68     0.974     0.184
   514/299    0.998G       1.9      1.22     0.369      3.49        45       640     0.489     0.849     0.783     0.597      1.76     0.978     0.192
   515/299    0.998G      1.92      1.35     0.427       3.7        49       640     0.463      0.84     0.749     0.574      1.78      1.03     0.186
   516/299    0.998G      1.91      1.36     0.345      3.61        80       640     0.466     0.832     0.774     0.578      1.78     0.996     0.194
   517/299    0.998G      1.91      1.37     0.418       3.7        47       640     0.475     0.857     0.793     0.594      1.77     0.987     0.198
   518/299    0.998G      1.87      1.31     0.444      3.63        56       640     0.501     0.842     0.775     0.608      1.78     0.958     0.205
   519/299    0.998G      1.99      1.42     0.396       3.8        44       640     0.474     0.827     0.763     0.583      1.82     0.972     0.199
   520/299    0.998G      1.97      1.32     0.371      3.66        52       640     0.475      0.85     0.771     0.587      1.78         1     0.198
   521/299    0.998G      1.85      1.28     0.419      3.55        23       640     0.452      0.83      0.74     0.563      1.76     0.982     0.197
   522/299    0.998G      1.92      1.21      0.34      3.47        53       640     0.474     0.803     0.732     0.571      1.76     0.997     0.208
   523/299    0.998G      1.96      1.29     0.418      3.67        73       640     0.503     0.831     0.749     0.599      1.79      1.01     0.202
   524/299    0.998G      1.91      1.37     0.408      3.68        20       640     0.499     0.851     0.757     0.604      1.75      1.02     0.203
   525/299    0.998G       1.9       1.3     0.389      3.59        27       640     0.478     0.822     0.741     0.581      1.81     0.993     0.204
   526/299    0.998G       1.9      1.34     0.394      3.64        70       640     0.477     0.838     0.763     0.583      1.84     0.976     0.203
   527/299    0.998G      1.98      1.35     0.384      3.71        64       640     0.494     0.841     0.756     0.594      1.78         1     0.193
   528/299    0.998G      2.01      1.29     0.378      3.68        31       640     0.503     0.846     0.751     0.606      1.87      1.01     0.198
   529/299    0.998G      1.97      1.35      0.35      3.67        39       640     0.492     0.835     0.749     0.592      1.78     0.984      0.19
   530/299    0.998G       1.9      1.49     0.362      3.75        55       640     0.488     0.842     0.768     0.589      1.75     0.985     0.191
   531/299    0.998G      1.85      1.33     0.367      3.54        56       640     0.477     0.842     0.777     0.581      1.79      1.03     0.186
   532/299    0.998G       1.9      1.24     0.361       3.5        55       640     0.495     0.854     0.781     0.599      1.77     0.969     0.188
   533/299    0.998G      1.89      1.27     0.369      3.53        32       640      0.47     0.812     0.741      0.57      1.84     0.986      0.19
   534/299    0.998G      2.01      1.29     0.392      3.68        42       640     0.489     0.823      0.75     0.586      1.83         1     0.199
   535/299    0.998G      2.03      1.36     0.428      3.82        61       640     0.498     0.832      0.74      0.59      1.92      1.04     0.218
   536/299    0.998G      1.94      1.36     0.402      3.71        60       640     0.512     0.835     0.775     0.603      1.83      1.03      0.22
   537/299    0.998G      1.86      1.27     0.385      3.51        35       640     0.484     0.849     0.766     0.589      1.85         1     0.213
   538/299    0.998G      1.93      1.27     0.372      3.57        81       640     0.474     0.838     0.757     0.574      1.78      1.01     0.207
   539/299    0.998G      1.89      1.35     0.403      3.64        68       640     0.476     0.845     0.761     0.583      1.78      1.03       0.2
   540/299    0.998G      1.82      1.45     0.385      3.66        44       640     0.483     0.848     0.777      0.59      1.76      1.01     0.193
   541/299    0.998G      1.94      1.26     0.362      3.56        63       640     0.477     0.842     0.773     0.585      1.78         1     0.194
   542/299    0.998G      1.88      1.38     0.351      3.61        46       640     0.477      0.85      0.77     0.582      1.83      1.07     0.199
   543/299    0.998G      1.93      1.41     0.373      3.71        66       640     0.468     0.835     0.743      0.57      1.82      1.01     0.196
   544/299    0.998G      1.88      1.22     0.341      3.44        58       640     0.495     0.851      0.77       0.6      1.81     0.983     0.195
   545/299    0.998G      1.97      1.24      0.35      3.56        50       640     0.506     0.863      0.77     0.613      1.77     0.957     0.192
   546/299    0.998G      1.91      1.32     0.386      3.62        79       640     0.501     0.853     0.788     0.607      1.69     0.969     0.189
   547/299    0.998G      1.86      1.35     0.385      3.59        35       640     0.486     0.863     0.795     0.599      1.72      1.01     0.184
   548/299    0.998G      1.94      1.42     0.369      3.72        44       640     0.493     0.857      0.78     0.602      1.82     0.989     0.185
   549/299    0.998G      1.89      1.27     0.393      3.55        52       640     0.507     0.837     0.786     0.609      1.72      0.96     0.191
   550/299    0.998G      1.86      1.29     0.379      3.52        39       640     0.498     0.832     0.775     0.603      1.74     0.938     0.194
   551/299    0.998G       1.9       1.3     0.358      3.55        68       640      0.49     0.841     0.801       0.6      1.75     0.953     0.195
   552/299    0.998G      1.96      1.46     0.397      3.82       122       640     0.484     0.824     0.758     0.589      1.84     0.971     0.196
   553/299    0.998G      1.97      1.36     0.353      3.68        24       640     0.485     0.844     0.762     0.594      1.87     0.966       0.2
   554/299    0.998G      1.88      1.25     0.395      3.52        70       640       0.5     0.838     0.767     0.607      1.78      0.95     0.209
   555/299    0.998G      1.83      1.43     0.396      3.65        60       640     0.477     0.818      0.74     0.582      1.77     0.969     0.201
   556/299    0.998G      1.96      1.35     0.366      3.67        49       640     0.459     0.839     0.754     0.571       1.8      1.01     0.192
   557/299    0.998G      1.89      1.19     0.417       3.5        54       640     0.454     0.834     0.744     0.563      1.77     0.976     0.193
   558/299    0.998G      1.98      1.31     0.388      3.68       102       640     0.486     0.855     0.779     0.592       1.8     0.987     0.196
   559/299    0.998G      1.93       1.4      0.38       3.7        29       640     0.481     0.842     0.765     0.589      1.73     0.982     0.194
   560/299    0.998G      1.92       1.4     0.369       3.7        51       640     0.494     0.849     0.775       0.6      1.67      0.97     0.199
   561/299    0.998G      1.85      1.22     0.351      3.42        40       640     0.491     0.851     0.779     0.601      1.64     0.983     0.197
   562/299    0.998G      1.86      1.34     0.371      3.57        29       640     0.503     0.835     0.777     0.604      1.68      1.03     0.185
   563/299    0.998G      1.93      1.41     0.347      3.68        65       640     0.523     0.837     0.786     0.621      1.74      1.01     0.182
   564/299    0.998G      1.93      1.43     0.391      3.75        49       640     0.531     0.862     0.808     0.637      1.68     0.969     0.189
   565/299    0.998G      1.91      1.24     0.373      3.52        71       640     0.531     0.842      0.79     0.635      1.72     0.974     0.197
   566/299    0.998G      1.78      1.22     0.368      3.37        78       640     0.516     0.848     0.787     0.618      1.74     0.998       0.2
   567/299    0.998G      1.82      1.27     0.379      3.46        42       640     0.514     0.862     0.813     0.621      1.63      1.04     0.203
   568/299    0.998G      1.79      1.26     0.392      3.44        86       640     0.506     0.851     0.796     0.609      1.68      1.04     0.197
   569/299    0.998G      1.92      1.27     0.304       3.5        40       640     0.501     0.856     0.769     0.606      1.78     0.972     0.198
   570/299    0.998G      1.97      1.27     0.364      3.61        22       640     0.476     0.809     0.745     0.576      1.81     0.932     0.204
   571/299    0.998G      2.02      1.32     0.349      3.69        32       640     0.497     0.814     0.757     0.597      1.79     0.931       0.2
   572/299    0.998G      1.94      1.24     0.405      3.59        46       640     0.504     0.838     0.778     0.604      1.84     0.948     0.208
   573/299    0.998G      1.84      1.19     0.397      3.42        22       640     0.487     0.852     0.771     0.599      1.75     0.934     0.203
   574/299    0.998G      1.83      1.26     0.383      3.47        54       640     0.472     0.849     0.776     0.583      1.74     0.955     0.202
   575/299    0.998G       1.8      1.31     0.382      3.49        49       640     0.466     0.824     0.761      0.57      1.76     0.964     0.202
   576/299    0.998G       1.9      1.25     0.378      3.53        61       640     0.479     0.851      0.77     0.588      1.78     0.984     0.192
   577/299    0.998G      1.95      1.37     0.394      3.71        47       640     0.484     0.858     0.769     0.596      1.75     0.973     0.189
   578/299    0.998G      1.92      1.35     0.393      3.66        68       640     0.474     0.831     0.759     0.583      1.71     0.961     0.188
   579/299    0.998G      1.83      1.21     0.378      3.41        45       640     0.495     0.852     0.768     0.604      1.68     0.952     0.188
   580/299    0.998G      1.88      1.32     0.298      3.49        33       640     0.483     0.833     0.767     0.593       1.7     0.928     0.186
   581/299    0.998G      1.98      1.25     0.369       3.6        32       640     0.445     0.843     0.731     0.563       1.8     0.964     0.187
   582/299    0.998G      1.92      1.25     0.348      3.51        74       640      0.46     0.839     0.723     0.572      1.76     0.959     0.195
   583/299    0.998G      1.82      1.37     0.392      3.58        31       640      0.45     0.829     0.723     0.561      1.77     0.983     0.199
   584/299    0.998G      1.84      1.19     0.389      3.42        16       640     0.421     0.826     0.737     0.538      1.86     0.993     0.191
   585/299    0.998G      1.93      1.39     0.382      3.71        63       640     0.443     0.813     0.749     0.553      1.81     0.972     0.194
   586/299    0.998G      1.96      1.32     0.391      3.67        59       640     0.474     0.836     0.762     0.582       1.8     0.966     0.197
   587/299    0.998G      1.86      1.24     0.388      3.49        47       640     0.508     0.854       0.8     0.617      1.69     0.946       0.2
   588/299    0.998G      1.89      1.27     0.394      3.55        40       640     0.495     0.833      0.78     0.601      1.73     0.937     0.202
   589/299    0.998G      1.92       1.3     0.371      3.58        50       640     0.492     0.849     0.786       0.6      1.68     0.949     0.203
   590/299    0.998G      1.96      1.37     0.348      3.68        35       640     0.496     0.856     0.788     0.602      1.72      1.03     0.208
   591/299    0.998G      1.96       1.3     0.374      3.64        56       640     0.475     0.829     0.771      0.58      1.72      1.03     0.204
   592/299    0.998G      1.89      1.17     0.351      3.41        32       640     0.494     0.818     0.759      0.59      1.77      1.05     0.207
   593/299    0.998G      1.94      1.18     0.352      3.47        27       640     0.518     0.852     0.774     0.617      1.75     0.982     0.218
   594/299    0.998G      1.86      1.26     0.407      3.53        57       640     0.521     0.846     0.771     0.619      1.73     0.913     0.221
   595/299    0.998G      1.84      1.19     0.371       3.4        27       640     0.505     0.834     0.775     0.603      1.63     0.952     0.219
   596/299    0.998G      1.83      1.26     0.315      3.41        33       640     0.497     0.854     0.792     0.602      1.67     0.941     0.211
   597/299    0.998G      1.94      1.33     0.326       3.6        88       640     0.474     0.839     0.767     0.581      1.75     0.943     0.203
   598/299    0.998G      1.88      1.22     0.328      3.43        31       640     0.474     0.842     0.772     0.584      1.75     0.929     0.198
