     0/299     4.34G      3.46      6.15      3.79      13.4       240       448    0.0778    0.0263    0.0167    0.0262       3.2      4.49      3.26
     1/299     4.34G      2.96      5.01      3.01        11       218       448      0.17    0.0752    0.0603    0.0818      2.85      3.87      2.59
     2/299     4.34G       2.8      4.51      2.59       9.9       283       448     0.227     0.127     0.101     0.135      2.69       3.5      2.24
     3/299     4.34G      2.69      4.13      2.32      9.14       259       448     0.282     0.174     0.145     0.186      2.56      3.18      1.95
     4/299     4.34G      2.61      3.81      2.15      8.56       165       448     0.301     0.204     0.176     0.222      2.47      2.93      1.79
     5/299     4.34G      2.56      3.53      2.04      8.12       233       448     0.341     0.224     0.197     0.245      2.42      2.71      1.68
     6/299     4.34G      2.52      3.39      1.96      7.88       191       448     0.349     0.241     0.212     0.262      2.38       2.7      1.62
     7/299     4.34G      2.49      3.38      1.91      7.79       226       448     0.345     0.255     0.224     0.273      2.35      2.68      1.57
     8/299     4.34G      2.48      3.36      1.87      7.71       144       448     0.352     0.268     0.232     0.284      2.33      2.66      1.54
     9/299     4.34G      2.46      3.35      1.83      7.65       192       448     0.351     0.272     0.238     0.288      2.32      2.65      1.52
    10/299     4.34G      2.45      3.34      1.81      7.59       163       448     0.356     0.276     0.242     0.293      2.31      2.65       1.5
    11/299     4.34G      2.44      3.32      1.78      7.54       141       448     0.358     0.278     0.246     0.295       2.3      2.64      1.49
    12/299     4.34G      2.43      3.31      1.77       7.5       185       448     0.365      0.28      0.25     0.299       2.3      2.64      1.48
    13/299     4.34G      2.42      3.32      1.74      7.48       181       448     0.373     0.282     0.254     0.303      2.29      2.63      1.47
    14/299     4.34G      2.41       3.3      1.73      7.45       202       448     0.378     0.283     0.257     0.305      2.28      2.63      1.45
    15/299     4.34G       2.4      3.31      1.72      7.43       230       448     0.384     0.284      0.26     0.309      2.27      2.62      1.44
    16/299     4.34G       2.4       3.3       1.7       7.4       185       448     0.392     0.286     0.265     0.313      2.27      2.62      1.43
    17/299     4.34G       2.4      3.29      1.69      7.37       175       448      0.41     0.287     0.267     0.316      2.26      2.61      1.42
    18/299     4.34G      2.39      3.28      1.69      7.36       218       448     0.413     0.289      0.27     0.318      2.26      2.61      1.41
    19/299     4.34G      2.38      3.28      1.67      7.33       283       448     0.417     0.289     0.273     0.318      2.25       2.6       1.4
    20/299     4.34G      2.38      3.28      1.66      7.32       164       448     0.421      0.29     0.275     0.321      2.25       2.6      1.39
    21/299     4.34G      2.38      3.27      1.66       7.3       231       448     0.425     0.293     0.278     0.325      2.24      2.59      1.38
    22/299     4.34G      2.37      3.27      1.64      7.29       271       448     0.427     0.295     0.281     0.327      2.23      2.59      1.38
    23/299     4.34G      2.37      3.26      1.64      7.28       188       448     0.428     0.297     0.284     0.328      2.23      2.58      1.37
    24/299     4.34G      2.36      3.27      1.63      7.26       276       448     0.431     0.299     0.286     0.331      2.22      2.58      1.36
    25/299     4.34G      2.36      3.27      1.63      7.26       167       448     0.436     0.302     0.289     0.334      2.22      2.58      1.35
    26/299     4.34G      2.36      3.26      1.62      7.24       268       448     0.435     0.304     0.291     0.336      2.22      2.57      1.34
    27/299     4.34G      2.36      3.25      1.62      7.23       184       448     0.436     0.306     0.293     0.338      2.21      2.57      1.33
    28/299     4.34G      2.35      3.26      1.61      7.23       190       448     0.433     0.308     0.296     0.339      2.21      2.56      1.32
    29/299     4.34G      2.35      3.25      1.61      7.21       146       448     0.431     0.311     0.297     0.342       2.2      2.56      1.31
    30/299     4.34G      2.35      3.25      1.61      7.21       291       448     0.426     0.314     0.299     0.343       2.2      2.56      1.31
    31/299     4.34G      2.35      3.25       1.6       7.2       266       448     0.425     0.316       0.3     0.345      2.19      2.55       1.3
    32/299     4.34G      2.35      3.25       1.6      7.19       191       448     0.426     0.319     0.302     0.347      2.19      2.55       1.3
    33/299     4.34G      2.34      3.24      1.59      7.18       237       448     0.425     0.321     0.303     0.347      2.19      2.55      1.29
    34/299     4.34G      2.34      3.24      1.59      7.17       193       448     0.429     0.325     0.305     0.351      2.18      2.55      1.29
    35/299     4.34G      2.34      3.24      1.59      7.17       268       448     0.424     0.327     0.306     0.351      2.18      2.54      1.28
    36/299     4.34G      2.34      3.24      1.58      7.15       173       448     0.424      0.33     0.308     0.353      2.18      2.54      1.27
    37/299     4.34G      2.33      3.24      1.58      7.15       262       448     0.427     0.333      0.31     0.356      2.17      2.54      1.27
    38/299     4.34G      2.33      3.23      1.57      7.14       190       448     0.414     0.335     0.311     0.357      2.17      2.54      1.26
    39/299     4.34G      2.33      3.23      1.57      7.14       233       448     0.413     0.337     0.312     0.358      2.17      2.53      1.26
    40/299     4.34G      2.33      3.23      1.57      7.13       282       448     0.414     0.338     0.313     0.358      2.17      2.53      1.26
    41/299     4.34G      2.33      3.23      1.57      7.12       195       448     0.412      0.34     0.315     0.358      2.16      2.53      1.25
    42/299     4.34G      2.32      3.23      1.57      7.12       237       448     0.414     0.342     0.316      0.36      2.16      2.53      1.25
    43/299     4.34G      2.32      3.23      1.57      7.12       152       448     0.416     0.345     0.317     0.361      2.16      2.53      1.24
    44/299     4.34G      2.32      3.23      1.56      7.11       242       448     0.416     0.345     0.319     0.362      2.16      2.53      1.24
    45/299     4.34G      2.32      3.24      1.56      7.12       266       448     0.415     0.347     0.319     0.363      2.16      2.52      1.24
    46/299     4.34G      2.32      3.23      1.55       7.1       232       448     0.415     0.348     0.321     0.364      2.15      2.52      1.24
    47/299     4.34G      2.32      3.23      1.55      7.09       149       448     0.417      0.35     0.322     0.366      2.15      2.52      1.23
    48/299     4.34G      2.32      3.23      1.55      7.09       240       448     0.416     0.351     0.323     0.367      2.15      2.52      1.23
    49/299     4.34G      2.32      3.23      1.55      7.09       176       448     0.414     0.351     0.323     0.366      2.15      2.52      1.23
    50/299     4.34G      2.32      3.23      1.55      7.09       235       448     0.415     0.353     0.324     0.368      2.15      2.52      1.23
    51/299     4.34G      2.31      3.22      1.55      7.08       257       448     0.413     0.353     0.325     0.367      2.15      2.51      1.22
    52/299     4.34G      2.31      3.23      1.54      7.08       260       448     0.411     0.355     0.326     0.368      2.15      2.51      1.22
    53/299     4.34G      2.31      3.22      1.54      7.07       264       448      0.41     0.356     0.327     0.368      2.14      2.51      1.22
    54/299     4.34G      2.31      3.22      1.54      7.07       249       448     0.409     0.355     0.327     0.367      2.14      2.51      1.22
    55/299     4.34G      2.31      3.22      1.54      7.07       220       448     0.413     0.357     0.328     0.369      2.14      2.51      1.21
    56/299     4.34G      2.31      3.21      1.53      7.05       208       448     0.413     0.357     0.329     0.369      2.14      2.51      1.21
    57/299     4.34G      2.31      3.22      1.53      7.06       185       448     0.415     0.358      0.33     0.371      2.14      2.51      1.21
    58/299     4.34G       2.3      3.22      1.53      7.05       236       448     0.412     0.359      0.33     0.371      2.14      2.51      1.21
    59/299     4.34G       2.3      3.21      1.53      7.04       165       448     0.411      0.36     0.331      0.37      2.14      2.51      1.21
    60/299     4.34G       2.3      3.23      1.53      7.06       154       448     0.411      0.36     0.332     0.371      2.14      2.51       1.2
    61/299     4.34G       2.3      3.22      1.52      7.05       179       448     0.411     0.361     0.332     0.371      2.14       2.5       1.2
    62/299     4.34G       2.3      3.21      1.52      7.03       260       448     0.412     0.362     0.333     0.372      2.13       2.5       1.2
    63/299     4.34G       2.3      3.21      1.52      7.02       221       448      0.41     0.363     0.333     0.371      2.13       2.5       1.2
    64/299     4.34G       2.3       3.2      1.52      7.02       231       448     0.409     0.363     0.333     0.372      2.13       2.5      1.19
    65/299     4.34G       2.3       3.2      1.52      7.02       164       448      0.41     0.364     0.334     0.373      2.13       2.5      1.19
    66/299     4.34G       2.3      3.21      1.51      7.02       251       448      0.41     0.365     0.334     0.373      2.13       2.5      1.19
    67/299     4.34G      2.29      3.21      1.52      7.02       243       448      0.41     0.366     0.334     0.374      2.13       2.5      1.19
    68/299     4.34G      2.29      3.21      1.51      7.02       298       448      0.41     0.366     0.335     0.374      2.13       2.5      1.19
    69/299     4.34G      2.29      3.21      1.51      7.02       174       448     0.409     0.366     0.335     0.374      2.13       2.5      1.19
    70/299     4.34G      2.29      3.21      1.51      7.01       199       448     0.409     0.367     0.335     0.374      2.13       2.5      1.18
    71/299     4.34G      2.29      3.21      1.51      7.01       179       448      0.41     0.368     0.336     0.375      2.13       2.5      1.18
    72/299     4.34G      2.29      3.21      1.51         7       202       448     0.411     0.368     0.336     0.376      2.12       2.5      1.18
    73/299     4.34G      2.29      3.21       1.5      6.99       183       448     0.413      0.37     0.336     0.377      2.12       2.5      1.18
    74/299     4.34G      2.28       3.2       1.5      6.99       145       448     0.412     0.369     0.337     0.377      2.12       2.5      1.18
    75/299     4.34G      2.29      3.19       1.5      6.98       210       448      0.41     0.371     0.337     0.377      2.12       2.5      1.18
    76/299     4.34G      2.28       3.2       1.5      6.98       213       448     0.408     0.371     0.337     0.376      2.12       2.5      1.18
    77/299     4.34G      2.28       3.2       1.5      6.98       248       448     0.408     0.371     0.337     0.376      2.12       2.5      1.18
    78/299     4.34G      2.28      3.19      1.49      6.97       151       448     0.408     0.372     0.338     0.377      2.12       2.5      1.17
    79/299     4.34G      2.28       3.2       1.5      6.98       170       448     0.407     0.373     0.339     0.378      2.12      2.49      1.17
    80/299     4.34G      2.28      3.19      1.49      6.96       121       448     0.408     0.373     0.339     0.378      2.12      2.49      1.17
    81/299     4.34G      2.28       3.2      1.49      6.97       194       448     0.408     0.373     0.341     0.378      2.12      2.49      1.17
    82/299     4.34G      2.27       3.2      1.49      6.96       227       448     0.407     0.373     0.341     0.378      2.12      2.49      1.17
    83/299     4.34G      2.28      3.19      1.49      6.96       197       448     0.406     0.373     0.341     0.377      2.12      2.49      1.17
    84/299     4.34G      2.28       3.2      1.49      6.96       263       448     0.407     0.375     0.342     0.378      2.12      2.49      1.17
    85/299     4.34G      2.27       3.2      1.49      6.96       212       448     0.408     0.376     0.342      0.38      2.11      2.49      1.16
    86/299     4.34G      2.27       3.2      1.48      6.96       266       448     0.409     0.377     0.343      0.38      2.11      2.49      1.16
    87/299     4.34G      2.27       3.2      1.48      6.95       172       448     0.408     0.377     0.343      0.38      2.11      2.49      1.16
    88/299     4.34G      2.27      3.19      1.48      6.94       208       448     0.409     0.378     0.343     0.381      2.11      2.49      1.16
    89/299     4.34G      2.27      3.19      1.48      6.94       178       448      0.41     0.378     0.343     0.381      2.11      2.49      1.16
    90/299     4.34G      2.27       3.2      1.48      6.95       303       448     0.409     0.379     0.343     0.382      2.11      2.49      1.16
    91/299     4.34G      2.27      3.19      1.48      6.94       250       448     0.409      0.38     0.344     0.382      2.11      2.49      1.16
    92/299     4.34G      2.26       3.2      1.48      6.94       232       448     0.408      0.38     0.343     0.382      2.11      2.49      1.16
    93/299     4.34G      2.27       3.2      1.48      6.95       265       448     0.406      0.38     0.343     0.382      2.11      2.49      1.16
    94/299     4.34G      2.26       3.2      1.47      6.93       155       448     0.405     0.381     0.344     0.381      2.11      2.49      1.16
    95/299     4.34G      2.26      3.19      1.47      6.93       211       448     0.405     0.381     0.344     0.381      2.11      2.49      1.16
    96/299     4.34G      2.26       3.2      1.47      6.93       226       448     0.404      0.38     0.344     0.381      2.11      2.49      1.15
    97/299     4.34G      2.26      3.19      1.47      6.92       233       448     0.409     0.382     0.345     0.384      2.11      2.49      1.15
    98/299     4.34G      2.26      3.19      1.47      6.92       264       448     0.409     0.382     0.345     0.384      2.11      2.49      1.15
    99/299     4.34G      2.26      3.18      1.46      6.91       210       448     0.408     0.382     0.346     0.383      2.11      2.48      1.15
   100/299     4.34G      2.26      3.18      1.47      6.91       217       448     0.408     0.382     0.346     0.383      2.11      2.48      1.15
   101/299     4.34G      2.26      3.19      1.47      6.92       236       448     0.407     0.383     0.346     0.383      2.11      2.48      1.15
   102/299     4.34G      2.26      3.19      1.46      6.91       205       448     0.407     0.383     0.347     0.383       2.1      2.48      1.15
   103/299     4.34G      2.25      3.19      1.46       6.9       175       448     0.407     0.383     0.347     0.383       2.1      2.48      1.15
   104/299     4.34G      2.25      3.19      1.46       6.9       183       448     0.406     0.383     0.347     0.383       2.1      2.48      1.15
   105/299     4.34G      2.25      3.19      1.46      6.89       213       448     0.407     0.383     0.348     0.383       2.1      2.48      1.15
   106/299     4.34G      2.25      3.18      1.45      6.88       197       448     0.407     0.383     0.348     0.383       2.1      2.48      1.14
   107/299     4.34G      2.25      3.18      1.46      6.89       240       448     0.408     0.383     0.349     0.383       2.1      2.48      1.14
   108/299     4.34G      2.25      3.18      1.45      6.87       202       448     0.406     0.383     0.349     0.382       2.1      2.48      1.14
   109/299     4.34G      2.25      3.18      1.45      6.87       166       448     0.407     0.383     0.349     0.383       2.1      2.48      1.14
   110/299     4.34G      2.25      3.18      1.45      6.88       202       448     0.406     0.383     0.349     0.383       2.1      2.48      1.14
   111/299     4.34G      2.25      3.18      1.44      6.87       257       448     0.406     0.384     0.349     0.383       2.1      2.48      1.14
   112/299     4.34G      2.24      3.18      1.45      6.87       202       448     0.408     0.384     0.349     0.384       2.1      2.48      1.14
   113/299     4.34G      2.25      3.17      1.45      6.87       208       448     0.407     0.385      0.35     0.384       2.1      2.48      1.14
   114/299     4.34G      2.24      3.18      1.44      6.86       204       448     0.406     0.386     0.349     0.384       2.1      2.48      1.14
   115/299     4.34G      2.24      3.17      1.44      6.85       262       448     0.405     0.387     0.351     0.385       2.1      2.48      1.14
   116/299     4.34G      2.24      3.18      1.44      6.86       158       448     0.404     0.388     0.351     0.385       2.1      2.48      1.13
   117/299     4.34G      2.24      3.17      1.44      6.85       220       448     0.405     0.388     0.351     0.386       2.1      2.48      1.13
   118/299     4.34G      2.24      3.17      1.43      6.84       235       448     0.406     0.389     0.352     0.386       2.1      2.48      1.13
   119/299     4.34G      2.23      3.18      1.44      6.85       221       448     0.405     0.389     0.351     0.386       2.1      2.47      1.13
   120/299     4.34G      2.24      3.18      1.43      6.85       177       448     0.404     0.389     0.352     0.386      2.09      2.48      1.13
   121/299     4.34G      2.24      3.17      1.43      6.84       164       448     0.403     0.389     0.351     0.386      2.09      2.48      1.13
   122/299     4.34G      2.23      3.17      1.43      6.84       178       448     0.405     0.389     0.352     0.386      2.09      2.48      1.13
   123/299     4.34G      2.23      3.18      1.43      6.84       191       448     0.405      0.39     0.351     0.386      2.09      2.48      1.13
   124/299     4.34G      2.23      3.16      1.43      6.82       174       448     0.404     0.391     0.353     0.386      2.09      2.48      1.13
   125/299     4.34G      2.23      3.16      1.43      6.82       253       448     0.405      0.39     0.354     0.387      2.09      2.47      1.13
   126/299     4.34G      2.23      3.18      1.42      6.82       227       448     0.405      0.39     0.353     0.387      2.09      2.47      1.13
   127/299     4.34G      2.23      3.16      1.43      6.82       234       448     0.403      0.39     0.353     0.387      2.09      2.47      1.12
   128/299     4.34G      2.22      3.17      1.42      6.81       238       448     0.405      0.39     0.354     0.388      2.09      2.47      1.12
   129/299     4.34G      2.22      3.16      1.42       6.8       182       448     0.404     0.392     0.354     0.388      2.09      2.47      1.12
   130/299     4.34G      2.22      3.16      1.42      6.81       196       448     0.403     0.392     0.355     0.387      2.09      2.47      1.12
   131/299     4.34G      2.22      3.17      1.42      6.81       147       448     0.401     0.392     0.355     0.387      2.09      2.47      1.12
   132/299     4.34G      2.22      3.17      1.41      6.81       242       448     0.401     0.393     0.355     0.387      2.08      2.47      1.12
   133/299     4.34G      2.22      3.17      1.41      6.79       197       448       0.4     0.392     0.355     0.387      2.08      2.47      1.12
   134/299     4.34G      2.22      3.17      1.41       6.8       207       448       0.4     0.392     0.355     0.387      2.08      2.47      1.12
   135/299     4.34G      2.22      3.16      1.41      6.79       237       448     0.402     0.394     0.356     0.389      2.08      2.47      1.11
   136/299     4.34G      2.22      3.16      1.41      6.79       203       448     0.403     0.395     0.356      0.39      2.08      2.47      1.11
   137/299     4.34G      2.21      3.17      1.41      6.79       190       448     0.404     0.394     0.356      0.39      2.08      2.47      1.11
   138/299     4.34G      2.21      3.15       1.4      6.77       185       448     0.404     0.395     0.356      0.39      2.08      2.47      1.11
   139/299     4.34G      2.21      3.16       1.4      6.77       181       448     0.405     0.394     0.357      0.39      2.08      2.47      1.11
   140/299     4.34G      2.21      3.16       1.4      6.77       224       448     0.404     0.395     0.357      0.39      2.08      2.47      1.11
   141/299     4.34G      2.21      3.15       1.4      6.76       239       448     0.403     0.396     0.357      0.39      2.08      2.47      1.11
   142/299     4.34G      2.21      3.15       1.4      6.75       231       448     0.403     0.396     0.357      0.39      2.08      2.47      1.11
   143/299     4.34G      2.21      3.16       1.4      6.76       200       448     0.403     0.397     0.358      0.39      2.08      2.47      1.11
   144/299     4.34G       2.2      3.16       1.4      6.76       162       448     0.404     0.397     0.358     0.391      2.08      2.47       1.1
   145/299     4.34G       2.2      3.15       1.4      6.75       187       448     0.404     0.396     0.358      0.39      2.08      2.47       1.1
   146/299     4.34G       2.2      3.15      1.39      6.75       232       448     0.403     0.397     0.358     0.391      2.08      2.47       1.1
   147/299     4.34G       2.2      3.15      1.39      6.74       230       448     0.403     0.398     0.358     0.391      2.08      2.46       1.1
   148/299     4.34G       2.2      3.16      1.39      6.74       132       448     0.403     0.399     0.359     0.392      2.08      2.46       1.1
   149/299     4.34G       2.2      3.15      1.39      6.74       218       448     0.405     0.399     0.359     0.392      2.08      2.46       1.1
   150/299     4.34G       2.2      3.15      1.38      6.74       220       448     0.404     0.399     0.359     0.392      2.07      2.46       1.1
   151/299     4.34G       2.2      3.15      1.38      6.73       221       448     0.403     0.398     0.359     0.391      2.07      2.46       1.1
   152/299     4.34G       2.2      3.14      1.38      6.72       242       448     0.402     0.399     0.359     0.392      2.07      2.46       1.1
   153/299     4.34G      2.19      3.16      1.38      6.73       113       448     0.402     0.399      0.36     0.391      2.07      2.46       1.1
   154/299     4.34G      2.19      3.15      1.38      6.72       214       448     0.402       0.4     0.361     0.391      2.07      2.46       1.1
   155/299     4.34G      2.19      3.14      1.38      6.71       264       448     0.402     0.401     0.361     0.392      2.07      2.46       1.1
   156/299     4.34G      2.19      3.14      1.37      6.71       244       448     0.403     0.401     0.361     0.393      2.07      2.46      1.09
   157/299     4.34G      2.19      3.14      1.37       6.7       184       448     0.403     0.401     0.362     0.393      2.07      2.46      1.09
   158/299     4.34G      2.19      3.14      1.37       6.7       267       448     0.403     0.402     0.361     0.394      2.07      2.46      1.09
   159/299     4.34G      2.19      3.14      1.37      6.69       281       448     0.402     0.401     0.362     0.392      2.07      2.46      1.09
   160/299     4.34G      2.18      3.15      1.37       6.7       159       448     0.401       0.4     0.362     0.392      2.07      2.46      1.09
   161/299     4.34G      2.18      3.14      1.37      6.69       199       448       0.4       0.4     0.362     0.391      2.07      2.46      1.09
   162/299     4.34G      2.18      3.13      1.36      6.67       222       448     0.401     0.401     0.362     0.392      2.07      2.46      1.09
   163/299     4.34G      2.18      3.14      1.37      6.68       218       448       0.4     0.402     0.363     0.392      2.07      2.46      1.09
   164/299     4.34G      2.18      3.14      1.36      6.68       169       448       0.4     0.402     0.363     0.393      2.07      2.46      1.09
   165/299     4.34G      2.18      3.14      1.36      6.68       267       448     0.402     0.404     0.364     0.394      2.07      2.46      1.09
   166/299     4.34G      2.18      3.14      1.36      6.67       206       448     0.403     0.405     0.364     0.395      2.06      2.46      1.09
   167/299     4.34G      2.18      3.14      1.36      6.67       296       448     0.402     0.404     0.364     0.395      2.06      2.46      1.09
   168/299     4.34G      2.17      3.14      1.35      6.66       113       448     0.403     0.405     0.365     0.395      2.06      2.46      1.09
   169/299     4.34G      2.17      3.13      1.35      6.65       150       448     0.403     0.406     0.365     0.396      2.06      2.46      1.08
   170/299     4.34G      2.17      3.13      1.35      6.65       236       448     0.402     0.406     0.365     0.396      2.06      2.46      1.08
   171/299     4.34G      2.17      3.13      1.35      6.64       141       448     0.403     0.408     0.366     0.397      2.06      2.46      1.08
   172/299     4.34G      2.17      3.14      1.34      6.65       162       448     0.403     0.408     0.366     0.397      2.06      2.45      1.08
   173/299     4.34G      2.16      3.13      1.34      6.64       251       448     0.402     0.408     0.366     0.396      2.06      2.45      1.08
   174/299     4.34G      2.17      3.13      1.34      6.64       236       448     0.401     0.407     0.366     0.395      2.06      2.45      1.08
   175/299     4.34G      2.16      3.12      1.34      6.62       157       448     0.402     0.407     0.366     0.396      2.06      2.45      1.08
   176/299     4.34G      2.16      3.13      1.34      6.63       222       448     0.401     0.408     0.365     0.396      2.06      2.45      1.08
   177/299     4.34G      2.16      3.13      1.33      6.62       206       448       0.4     0.408     0.365     0.396      2.06      2.45      1.08
   178/299     4.34G      2.16      3.13      1.33      6.61       169       448     0.399     0.408     0.366     0.395      2.06      2.45      1.08
   179/299     4.34G      2.15      3.13      1.33      6.61       211       448     0.399     0.409     0.366     0.396      2.06      2.45      1.07
   180/299     4.34G      2.15      3.12      1.33      6.61       238       448     0.402      0.41     0.367     0.397      2.06      2.45      1.07
   181/299     4.34G      2.15      3.11      1.33      6.59       227       448     0.402      0.41     0.368     0.398      2.06      2.45      1.07
   182/299     4.34G      2.15      3.12      1.33      6.61       217       448     0.401     0.411     0.368     0.398      2.05      2.45      1.07
   183/299     4.34G      2.15      3.13      1.32       6.6       274       448     0.402     0.413     0.368     0.399      2.05      2.45      1.07
   184/299     4.34G      2.15      3.12      1.32      6.59       180       448     0.402     0.413     0.369     0.399      2.05      2.45      1.07
   185/299     4.34G      2.15      3.11      1.32      6.58       211       448       0.4     0.413     0.369     0.399      2.05      2.45      1.07
   186/299     4.34G      2.15      3.12      1.32      6.58       276       448     0.401     0.413     0.368     0.399      2.05      2.45      1.07
   187/299     4.34G      2.14      3.12      1.32      6.58       244       448     0.402     0.413     0.368     0.399      2.05      2.45      1.07
   188/299     4.34G      2.14      3.11      1.31      6.56       204       448     0.399     0.413     0.369     0.398      2.05      2.45      1.07
   189/299     4.34G      2.14      3.12      1.32      6.58       223       448     0.413     0.414      0.37     0.401      2.05      2.45      1.06
   190/299     4.34G      2.14      3.11      1.31      6.56       237       448     0.412     0.415      0.37     0.401      2.05      2.45      1.06
   191/299     4.34G      2.14      3.12      1.31      6.57       158       448     0.413     0.416      0.37     0.402      2.05      2.45      1.06
   192/299     4.34G      2.14       3.1      1.31      6.54       172       448     0.413     0.416      0.37     0.402      2.05      2.45      1.06
   193/299     4.34G      2.13       3.1       1.3      6.54       235       448     0.414     0.417     0.371     0.403      2.05      2.45      1.06
   194/299     4.34G      2.13       3.1       1.3      6.54       263       448     0.413     0.418     0.372     0.403      2.05      2.45      1.06
   195/299     4.34G      2.13       3.1       1.3      6.53       190       448     0.402     0.417     0.372     0.401      2.05      2.45      1.06
   196/299     4.34G      2.13      3.11       1.3      6.54       283       448     0.402     0.417     0.372     0.401      2.04      2.45      1.06
   197/299     4.34G      2.13       3.1       1.3      6.52       222       448     0.401     0.416     0.372       0.4      2.04      2.44      1.06
   198/299     4.34G      2.13      3.11      1.29      6.53       159       448       0.4     0.416     0.372       0.4      2.04      2.44      1.06
   199/299     4.34G      2.12       3.1      1.29      6.52       176       448     0.401     0.417     0.372       0.4      2.04      2.44      1.06
   200/299     4.34G      2.12      3.11      1.29      6.52       161       448     0.401     0.418     0.373     0.401      2.04      2.44      1.06
   201/299     4.34G      2.12       3.1      1.29      6.51       323       448       0.4     0.417     0.373       0.4      2.04      2.44      1.06
   202/299     4.34G      2.12      3.11      1.28       6.5       180       448       0.4     0.419     0.373     0.401      2.04      2.44      1.06
   203/299     4.34G      2.12      3.11      1.28      6.51       234       448     0.402     0.419     0.374     0.402      2.04      2.44      1.06
   204/299     4.34G      2.11       3.1      1.28       6.5       229       448       0.4     0.419     0.374     0.401      2.04      2.44      1.06
   205/299     4.34G      2.11      3.09      1.28      6.49       192       448     0.402     0.419     0.374     0.402      2.04      2.44      1.05
   206/299     4.34G      2.11      3.09      1.27      6.48       241       448     0.403      0.42     0.374     0.403      2.04      2.44      1.05
   207/299     4.34G      2.11      3.09      1.28      6.48       164       448     0.403      0.42     0.375     0.404      2.04      2.44      1.05
   208/299     4.34G      2.11      3.09      1.27      6.47       203       448     0.402      0.42     0.375     0.403      2.04      2.44      1.05
   209/299     4.34G      2.11      3.09      1.27      6.47       268       448     0.403     0.421     0.375     0.404      2.04      2.44      1.05
   210/299     4.34G      2.11       3.1      1.27      6.48       244       448     0.403     0.421     0.375     0.404      2.04      2.44      1.05
   211/299     4.34G       2.1      3.09      1.27      6.46       300       448     0.404     0.421     0.375     0.404      2.04      2.44      1.05
   212/299     4.34G       2.1      3.09      1.27      6.46       251       448     0.402     0.421     0.376     0.404      2.04      2.44      1.05
   213/299     4.34G       2.1      3.09      1.26      6.45       225       448     0.401      0.42     0.377     0.403      2.04      2.44      1.05
   214/299     4.34G       2.1      3.09      1.26      6.45       211       448     0.401     0.421     0.376     0.404      2.03      2.44      1.05
   215/299     4.34G       2.1      3.09      1.26      6.44       139       448     0.401     0.423     0.377     0.404      2.03      2.44      1.05
   216/299     4.34G      2.09      3.08      1.26      6.43       175       448     0.402     0.423     0.377     0.404      2.03      2.44      1.04
   217/299     4.34G      2.09      3.08      1.25      6.43       173       448     0.401     0.422     0.377     0.404      2.03      2.44      1.04
   218/299     4.34G      2.09      3.08      1.25      6.42       217       448     0.403     0.422     0.378     0.405      2.03      2.44      1.04
   219/299     4.34G      2.09      3.08      1.25      6.42       241       448     0.401     0.422     0.378     0.404      2.03      2.44      1.04
   220/299     4.34G      2.09      3.09      1.25      6.43       211       448     0.401     0.422     0.377     0.404      2.03      2.43      1.04
   221/299     4.34G      2.09      3.07      1.25       6.4       206       448       0.4     0.422     0.378     0.404      2.03      2.43      1.04
   222/299     4.34G      2.08      3.06      1.24      6.39       188       448     0.402     0.423     0.379     0.405      2.03      2.43      1.04
   223/299     4.34G      2.08      3.08      1.24       6.4       201       448       0.4     0.423     0.379     0.404      2.03      2.43      1.04
   224/299     4.34G      2.08      3.08      1.24       6.4       185       448     0.402     0.425     0.379     0.406      2.03      2.43      1.04
   225/299     4.34G      2.08      3.07      1.24      6.39       175       448     0.402     0.425     0.379     0.406      2.03      2.43      1.04
   226/299     4.34G      2.08      3.07      1.23      6.38       235       448     0.402     0.426     0.379     0.406      2.03      2.43      1.04
   227/299     4.34G      2.08      3.07      1.23      6.38       185       448     0.403     0.426      0.38     0.407      2.03      2.43      1.04
   228/299     4.34G      2.07      3.06      1.23      6.37       209       448     0.402     0.427      0.38     0.407      2.03      2.43      1.04
   229/299     4.34G      2.07      3.06      1.23      6.36       244       448     0.403     0.427     0.381     0.408      2.03      2.43      1.04
   230/299     4.34G      2.07      3.06      1.22      6.35       286       448     0.403     0.427     0.381     0.408      2.02      2.43      1.04
   231/299     4.34G      2.07      3.06      1.23      6.35       152       448     0.402     0.427     0.381     0.407      2.02      2.43      1.03
   232/299     4.34G      2.06      3.07      1.22      6.35       212       448     0.401     0.426     0.381     0.406      2.02      2.43      1.03
   233/299     4.34G      2.06      3.06      1.22      6.34       218       448     0.414     0.429     0.383     0.409      2.02      2.43      1.03
   234/299     4.34G      2.06      3.07      1.22      6.35       232       448     0.415     0.429     0.383      0.41      2.02      2.43      1.03
   235/299     4.34G      2.06      3.06      1.22      6.34       332       448     0.414      0.43     0.383      0.41      2.02      2.43      1.03
   236/299     4.34G      2.06      3.06      1.21      6.33       218       448     0.415     0.429     0.383      0.41      2.02      2.43      1.03
   237/299     4.34G      2.06      3.06      1.21      6.32       209       448     0.416      0.43     0.383     0.411      2.02      2.43      1.03
   238/299     4.34G      2.05      3.06       1.2      6.32       245       448     0.417      0.43     0.384     0.411      2.02      2.43      1.03
   239/299     4.34G      2.05      3.06       1.2      6.32       180       448     0.416     0.431     0.384     0.412      2.02      2.43      1.03
   240/299     4.34G      2.05      3.06       1.2      6.31       172       448     0.416     0.432     0.384     0.412      2.02      2.43      1.03
   241/299     4.34G      2.05      3.05       1.2       6.3       285       448     0.416     0.432     0.385     0.412      2.02      2.43      1.03
   242/299     4.34G      2.05      3.06       1.2       6.3       243       448     0.402      0.43     0.384     0.409      2.02      2.42      1.02
   243/299     4.34G      2.05      3.05       1.2       6.3       204       448     0.401     0.432     0.384     0.409      2.02      2.42      1.02
   244/299     4.34G      2.04      3.05      1.19      6.29       193       448       0.4     0.431     0.384     0.408      2.02      2.42      1.02
   245/299     4.34G      2.04      3.05      1.19      6.28       158       448     0.402     0.433     0.384      0.41      2.02      2.42      1.02
   246/299     4.34G      2.04      3.04      1.19      6.27       260       448     0.404     0.434     0.385     0.411      2.02      2.42      1.02
   247/299     4.34G      2.04      3.06      1.19      6.28       240       448     0.403     0.433     0.384      0.41      2.02      2.42      1.02
   248/299     4.34G      2.04      3.04      1.19      6.26       219       448     0.402     0.434     0.385      0.41      2.02      2.42      1.02
   249/299     4.34G      2.03      3.05      1.19      6.27       241       448     0.402     0.434     0.386      0.41      2.01      2.42      1.02
   250/299     4.34G      2.03      3.04      1.18      6.25       185       448     0.402     0.433     0.386      0.41      2.01      2.42      1.02
   251/299     4.34G      2.03      3.04      1.18      6.25       241       448     0.402     0.434     0.386      0.41      2.01      2.42      1.02
   252/299     4.34G      2.03      3.04      1.18      6.24       202       448     0.415     0.435     0.386     0.413      2.01      2.42      1.02
   253/299     4.34G      2.03      3.03      1.18      6.24       208       448     0.416     0.436     0.387     0.414      2.01      2.42      1.02
   254/299     4.34G      2.03      3.05      1.18      6.26       240       448     0.415     0.435     0.387     0.413      2.01      2.42      1.02
   255/299     4.34G      2.02      3.03      1.17      6.22       208       448     0.416     0.436     0.387     0.414      2.01      2.42      1.02
   256/299     4.34G      2.02      3.04      1.17      6.23       352       448     0.414     0.435     0.387     0.413      2.01      2.42      1.02
   257/299     4.34G      2.02      3.03      1.17      6.22       199       448     0.413     0.435     0.387     0.412      2.01      2.42      1.02
   258/299     4.34G      2.01      3.02      1.16       6.2       231       448     0.413     0.437     0.387     0.413      2.01      2.42      1.01
   259/299     4.34G      2.02      3.03      1.16      6.21       245       448     0.413     0.436     0.387     0.413      2.01      2.42      1.01
   260/299     4.34G      2.01      3.03      1.16       6.2       230       448     0.415     0.437     0.387     0.414      2.01      2.42      1.01
   261/299     4.34G      2.01      3.03      1.16       6.2       234       448     0.415     0.438     0.388     0.414      2.01      2.42      1.01
   262/299     4.34G      2.01      3.02      1.15      6.19       268       448     0.416     0.438     0.388     0.415      2.01      2.42      1.01
   263/299     4.34G      2.01      3.03      1.16      6.19       240       448     0.416     0.439     0.388     0.416      2.01      2.42      1.01
   264/299     4.34G      2.01      3.03      1.15      6.19       192       448     0.415     0.438     0.388     0.415      2.01      2.42      1.01
   265/299     4.34G         2      3.02      1.15      6.18       164       448     0.403     0.437     0.387     0.413      2.01      2.42      1.01
   266/299     4.34G         2      3.02      1.15      6.17       213       448     0.403     0.438     0.387     0.413         2      2.42      1.01
   267/299     4.34G         2      3.02      1.15      6.17       151       448     0.403     0.438     0.388     0.413         2      2.42      1.01
   268/299     4.34G         2      3.02      1.14      6.16       233       448     0.403     0.439     0.388     0.413         2      2.42      1.01
   269/299     4.34G         2      3.02      1.14      6.16       183       448     0.403     0.439     0.388     0.413         2      2.42      1.01
   270/299     4.34G         2      3.02      1.14      6.16       242       448     0.402     0.439     0.388     0.413         2      2.42      1.01
   271/299     4.34G      1.99      3.02      1.14      6.15       247       448     0.402     0.438     0.388     0.413         2      2.42      1.01
   272/299     4.34G      1.99      3.01      1.14      6.15       265       448     0.403      0.44     0.388     0.414         2      2.42      1.01
   273/299     4.34G      1.99      3.01      1.14      6.14       209       448     0.403     0.439     0.389     0.414         2      2.42      1.01
   274/299     4.34G         2      3.01      1.14      6.14       279       448     0.404      0.44     0.389     0.415         2      2.42      1.01
   275/299     4.34G      1.99         3      1.13      6.13       270       448     0.404     0.439     0.389     0.414         2      2.41      1.01
   276/299     4.34G      1.99      3.01      1.13      6.13       170       448     0.402      0.44     0.389     0.414         2      2.41      1.01
   277/299     4.34G      1.99      3.01      1.13      6.13       214       448     0.403      0.44     0.389     0.414         2      2.41      1.01
   278/299     4.34G      1.99         3      1.13      6.13       179       448     0.402      0.44     0.389     0.414         2      2.41      1.01
   279/299     4.34G      1.99      3.01      1.13      6.13       210       448     0.403      0.44     0.389     0.414         2      2.41         1
   280/299     4.34G      1.99      3.01      1.12      6.12       229       448     0.402     0.441      0.39     0.414         2      2.41         1
   281/299     4.34G      1.98      3.01      1.13      6.12       215       448     0.402     0.441      0.39     0.414         2      2.41         1
   282/299     4.34G      1.98      3.01      1.12      6.12       216       448     0.403     0.443      0.39     0.416         2      2.41         1
   283/299     4.34G      1.98         3      1.12      6.11       227       448     0.403     0.442      0.39     0.415         2      2.41         1
   284/299     4.34G      1.98         3      1.12       6.1       213       448     0.403     0.443      0.39     0.416         2      2.41         1
   285/299     4.34G      1.98      3.01      1.12      6.11       341       448     0.403     0.442      0.39     0.416         2      2.41         1
   286/299     4.34G      1.98         3      1.12       6.1       231       448     0.403     0.443     0.391     0.416         2      2.41         1
   287/299     4.34G      1.98         3      1.12       6.1       212       448     0.401     0.442     0.391     0.415         2      2.41         1
   288/299     4.34G      1.98         3      1.12       6.1       208       448       0.4     0.441     0.391     0.414         2      2.41         1
   289/299     4.34G      1.97         3      1.11      6.08       249       448     0.401     0.441     0.391     0.414         2      2.41         1
   290/299     4.34G      1.98         3      1.11      6.09       216       448     0.402     0.443     0.391     0.415         2      2.41         1
   291/299     4.34G      1.97         3      1.11      6.09       181       448     0.402     0.443     0.391     0.416         2      2.41         1
   292/299     4.34G      1.97         3      1.11      6.09       199       448     0.402     0.444     0.391     0.416         2      2.41         1
   293/299     4.34G      1.97      2.99      1.11      6.08       226       448     0.402     0.444     0.391     0.416         2      2.41         1
   294/299     4.34G      1.97         3      1.12      6.09       185       448     0.403     0.443     0.392     0.416         2      2.41         1
   295/299     4.34G      1.97         3      1.11      6.09       206       448     0.403     0.444     0.391     0.416         2      2.41         1
   296/299     4.34G      1.97         3      1.12      6.09       185       448     0.402     0.443     0.391     0.415         2      2.41         1
   297/299     4.34G      1.97      2.99      1.11      6.08       235       448     0.402     0.444     0.391     0.416         2      2.41         1
   298/299     4.34G      1.97      2.99      1.11      6.08       188       448     0.402     0.443     0.392     0.415      1.99      2.41         1
   299/299     1.77G       7.1      1.63      2.15      10.9         7       640         0         0  2.01e-05         0      4.64      1.55      1.55
   300/299     1.77G         8     0.881      2.12        11        14       640         0         0  0.000439         0      3.03     0.955      1.28
   301/299     1.77G      6.56     0.939      2.17      9.67        18       640         0         0    0.0027         0      2.81     0.853      1.18
   302/299     1.77G      5.71      1.03      2.09      8.83        11       640         0         0    0.0587         0      2.01     0.847      1.13
   303/299     1.77G      5.02      1.01      2.07       8.1        13       640      0.25   0.00862     0.153    0.0167       1.7     0.853      1.11
   304/299     1.77G      5.01      1.07      2.06      8.15        14       640      0.25   0.00862     0.125    0.0167      1.64     0.819      1.09
   305/299     1.77G      5.23      1.05       2.1      8.38        12       640       0.5     0.017     0.132    0.0328       1.4     0.809      1.07
   306/299     1.77G      5.19      1.01      2.09      8.29        17       640      0.25   0.00833     0.148    0.0161      1.36     0.788      1.05
   307/299     1.77G      4.86       1.1      1.96      7.92        11       640         0         0     0.141         0      1.18     0.783      1.04
   308/299     1.77G       4.8      1.08      1.99      7.86        11       640         0         0     0.131         0      1.11     0.769      1.03
   309/299     1.77G       4.8      1.05      1.84       7.7        17       640      0.25   0.00833     0.144    0.0161     0.987     0.762      1.02
   310/299     1.77G      4.44         1      1.94      7.38        14       640       0.5    0.0167     0.161    0.0323     0.879      0.76      1.01
   311/299     1.77G      4.32      1.07      1.81       7.2        11       640      0.25   0.00833     0.158    0.0161     0.879     0.751      1.01
   312/299     1.77G      4.09      1.01      1.81      6.91        18       640         0         0     0.156         0     0.848     0.734     0.997
   313/299     1.77G       4.3      1.01      1.87      7.17        12       640      0.25   0.00833     0.173    0.0161     0.838     0.723     0.989
   314/299     1.77G      4.14      1.09      1.83      7.06        17       640      0.25   0.00833     0.205    0.0161     0.832     0.702     0.976
   315/299     1.77G      3.94      1.07      1.78      6.79        16       640      0.25   0.00833     0.202    0.0161     0.879     0.677     0.967
   316/299     1.77G      3.64      1.03      1.82      6.49        13       640      0.25   0.00833     0.221    0.0161     0.867     0.667     0.954
   317/299     1.77G      3.55     0.927      1.82       6.3        17       640       0.5     0.017     0.228    0.0328     0.813     0.679     0.946
   318/299     1.77G      3.39      1.03      1.84      6.25        10       640      0.25   0.00833     0.191    0.0161     0.796     0.689     0.954
   319/299     1.77G      2.85     0.999      1.82      5.67        20       640      0.25   0.00833     0.199    0.0161     0.799     0.706     0.959
   320/299     1.77G      2.71     0.977      1.83      5.52         8       640       0.5     0.017     0.247    0.0328      0.74     0.712     0.961
   321/299     1.77G       2.5      1.07      1.82      5.39        17       640     0.369     0.017     0.273    0.0322     0.671     0.702     0.961
   322/299     1.77G      2.75     0.989      1.85      5.59        12       640     0.345    0.0241     0.291    0.0433      0.72     0.674     0.955
   323/299     1.77G      2.56      1.01      1.83       5.4        15       640     0.368     0.092     0.271     0.114      0.78     0.662     0.937
   324/299     1.77G      2.41     0.984      1.87      5.26        15       640     0.393     0.175     0.312      0.17     0.752     0.663     0.924
   325/299     1.77G      2.24     0.978      1.72      4.94        18       640     0.231     0.234      0.29     0.153     0.743     0.674     0.907
   326/299     1.77G      2.25     0.993       1.8      5.05        15       640     0.294     0.262     0.308     0.192     0.739     0.663     0.881
   327/299     1.77G      2.06     0.895       1.8      4.75        16       640     0.288     0.258     0.295     0.187      0.75     0.666     0.871
   328/299     1.77G      2.28     0.982      1.68      4.94        19       640     0.264     0.259     0.305     0.193     0.747     0.645     0.842
   329/299     1.77G      2.49     0.953      1.65      5.09        13       640     0.285     0.234     0.342     0.198     0.831     0.611     0.812
   330/299     1.77G      2.15     0.964      1.65      4.76        16       640     0.396     0.125     0.373     0.146     0.701     0.585     0.794
   331/299     1.77G      1.95     0.964      1.57      4.49        15       640      0.65     0.112     0.442      0.16     0.769     0.562     0.776
   332/299     1.77G      1.93     0.928      1.66      4.52        14       640     0.609    0.0834      0.47     0.129     0.854     0.534     0.759
   333/299     1.77G      1.91     0.935      1.52      4.36        10       640     0.547    0.0968     0.467     0.139     0.807     0.527      0.75
   334/299     1.77G      2.04         1      1.54      4.58        14       640     0.551     0.112     0.498     0.156     0.651     0.529     0.744
   335/299     1.77G      1.87      0.99      1.46      4.32        18       640      0.57      0.15     0.504     0.192     0.666     0.536     0.738
   336/299     1.77G      1.89     0.981      1.49      4.36        15       640     0.609     0.176     0.508     0.214     0.664      0.52     0.728
   337/299     1.77G      1.81     0.973      1.45      4.23        20       640     0.583     0.201     0.519     0.218     0.609     0.511     0.712
   338/299     1.77G      1.84     0.948      1.37      4.16        19       640     0.575     0.226     0.534     0.236     0.763     0.498     0.702
   339/299     1.77G      1.92     0.923      1.34      4.18        15       640     0.567     0.277     0.541     0.306     0.625     0.508     0.686
   340/299     1.77G      2.02      0.97      1.35      4.34        18       640     0.636     0.291     0.564     0.338     0.568     0.512     0.661
   341/299     1.77G      1.74     0.887      1.24      3.88        13       640     0.557     0.295     0.548     0.335     0.674     0.496     0.634
   342/299     1.77G      1.82     0.893      1.39       4.1        14       640     0.652     0.288      0.57     0.347     0.705     0.479     0.603
   343/299     1.77G      1.89     0.857      1.37      4.12        14       640     0.549     0.265     0.529     0.296     0.597      0.48     0.591
   344/299     1.77G      1.72     0.902      1.22      3.85        15       640     0.555     0.266      0.54     0.288     0.694     0.484     0.568
   345/299     1.77G      1.91     0.883      1.35      4.13        11       640     0.604     0.267     0.606      0.31     0.577     0.485     0.542
   346/299     1.77G      1.84     0.822      1.14       3.8        16       640     0.631     0.291     0.639     0.345     0.716     0.478     0.521
   347/299     1.77G      1.98     0.862      1.19      4.03        14       640     0.612     0.273     0.639     0.322     0.711     0.471     0.485
   348/299     1.77G      1.81     0.859      1.11      3.78        14       640     0.556     0.261     0.611     0.298     0.661     0.473     0.457
   349/299     1.77G      1.86     0.878      1.09      3.83        24       640      0.57     0.271     0.649     0.314       0.9     0.441     0.428
   350/299     1.77G      2.18     0.839      1.03      4.05        13       640     0.857      0.29      0.65     0.361      1.04     0.417     0.399
   351/299     1.77G      1.88     0.861      1.02      3.76        13       640     0.782     0.297     0.634     0.365     0.758     0.438     0.386
   352/299     1.77G       1.9     0.826      1.07      3.79        15       640     0.854      0.29     0.703     0.362     0.791     0.423     0.359
   353/299     1.77G      1.98     0.793     0.997      3.77        11       640     0.825     0.243     0.669     0.325     0.955     0.406     0.331
   354/299     1.77G      1.94     0.756         1      3.69        17       640     0.897     0.163     0.654     0.235     0.929     0.407     0.302
   355/299     1.77G      1.97     0.783      1.12      3.88        15       640     0.883       0.2     0.702     0.267      0.87     0.414     0.284
   356/299     1.77G      2.02     0.825      1.01      3.85        14       640     0.887     0.279     0.736     0.364     0.889     0.415     0.262
   357/299     1.77G      1.84      0.82     0.946       3.6        16       640      0.91     0.311     0.775     0.401     0.835     0.418     0.258
   358/299     1.77G      1.76     0.812     0.839      3.41        17       640     0.879     0.409     0.777     0.513      0.73     0.429     0.252
   359/299     1.77G      1.84     0.903     0.894      3.64        18       640     0.906     0.438     0.801     0.535     0.691     0.435     0.262
   360/299     1.77G      1.81     0.774      0.87      3.45        18       640     0.952      0.45     0.833     0.544     0.922     0.411     0.275
   361/299     1.77G      2.12     0.703     0.842      3.66        15       640     0.963     0.373     0.813     0.451       1.2     0.373     0.274
   362/299     1.77G      1.98     0.786     0.821      3.59        14       640     0.972     0.325      0.86     0.419     0.983      0.39     0.238
   363/299     1.77G      1.93     0.781     0.853      3.56        17       640         1     0.332     0.865     0.473     0.709      0.42     0.188
   364/299     1.77G      1.99     0.802     0.733      3.52        19       640         1     0.292     0.875     0.425      1.14      0.37      0.17
   365/299     1.77G      1.76     0.779     0.697      3.24        16       640     0.904     0.277     0.866     0.399      1.12     0.363     0.158
   366/299     1.77G      2.01     0.742     0.769      3.52        16       640     0.982     0.352     0.852     0.494     0.828     0.388     0.137
   367/299     1.77G      1.96     0.724     0.682      3.37        11       640     0.839     0.371     0.796     0.488     0.736     0.393     0.127
   368/299     1.77G      1.98     0.795     0.628       3.4        15       640     0.834     0.475     0.791     0.581      0.88     0.391     0.123
   369/299     1.77G      1.98     0.759     0.592      3.33        19       640     0.711     0.379     0.776      0.44     0.884     0.374     0.128
   370/299     1.77G      1.98     0.669     0.573      3.22        16       640      0.93     0.428     0.857     0.534     0.688     0.386     0.117
   371/299     1.77G      1.73      0.75     0.626       3.1        12       640     0.944     0.505     0.905     0.629     0.744     0.376     0.107
   372/299     1.77G      1.87     0.691     0.642       3.2        19       640     0.929     0.475     0.902     0.585     0.918     0.353     0.112
   373/299     1.77G      1.95       0.7     0.514      3.16        20       640     0.989     0.621      0.94     0.732     0.782     0.366     0.121
   374/299     1.77G      1.79     0.664     0.447      2.91        21       640     0.994      0.66     0.956     0.777     0.744     0.366     0.112
   375/299     1.77G      1.98     0.695     0.532      3.21        16       640      0.93     0.756      0.93     0.824     0.831      0.37     0.107
   376/299     1.77G       1.9     0.644     0.537      3.08        19       640      0.95     0.794     0.939     0.857     0.909     0.337     0.101
   377/299     1.77G      1.79     0.666     0.518      2.97        11       640     0.927     0.823     0.932     0.865      1.03     0.324    0.0997
   378/299     1.77G      1.92     0.678     0.546      3.14        11       640      0.91     0.832      0.93     0.866     0.899     0.327    0.0929
   379/299     1.77G      1.74     0.683     0.545      2.97        21       640     0.938     0.817      0.95     0.871     0.855     0.331    0.0825
   380/299     1.77G      1.78      0.69       0.6      3.07        21       640     0.957     0.786     0.952     0.854     0.827      0.33    0.0723
   381/299     1.77G      1.58     0.656     0.474       2.7        17       640     0.938     0.763     0.966     0.824     0.681     0.343      0.07
   382/299     1.77G      1.85     0.665     0.421      2.93        17       640     0.863      0.92     0.955      0.87     0.741     0.349    0.0696
   383/299     1.77G      1.97     0.636      0.36      2.96        11       640     0.931      0.93     0.988     0.921     0.779     0.339    0.0717
   384/299     1.77G      1.75     0.636     0.419      2.81        19       640     0.834     0.922     0.879     0.853     0.785     0.333    0.0719
   385/299     1.77G      1.93     0.565      0.35      2.84        16       640     0.981     0.924      0.99     0.951     0.777     0.321    0.0762
   386/299     1.77G      1.84     0.649     0.403      2.89        18       640     0.966     0.946     0.982     0.956     0.591     0.327    0.0679
   387/299     1.77G       1.9     0.635     0.482      3.02        20       640     0.984     0.938     0.989     0.959     0.833     0.315    0.0734
   388/299     1.77G      1.91      0.57     0.468      2.95        16       640     0.968     0.861     0.976     0.909     0.702     0.313    0.0851
   389/299     1.77G      1.78     0.637     0.534      2.95        20       640     0.966     0.869     0.987     0.909     0.694     0.309     0.095
   390/299     1.77G      2.12     0.593     0.363      3.08        13       640     0.963      0.82     0.989     0.868     0.766     0.307     0.112
   391/299     1.77G      1.92      0.59     0.449      2.96        15       640     0.978     0.729      0.99     0.792      0.81     0.297      0.11
   392/299     1.77G       1.7     0.598     0.428      2.72        15       640     0.928     0.782     0.969     0.831     0.925     0.301     0.135
   393/299     1.77G      1.89     0.605     0.383      2.87        16       640     0.935     0.797     0.969     0.854      1.03     0.304     0.134
   394/299     1.77G      2.11      0.61     0.337      3.06        14       640     0.921     0.895     0.977     0.904     0.832      0.33     0.115
   395/299     1.77G      1.73       0.6     0.447      2.78        17       640     0.909     0.889     0.973     0.894      0.59     0.343     0.102
   396/299     1.77G       1.7     0.584     0.428      2.71        12       640     0.958     0.882     0.985     0.913     0.564     0.325     0.102
   397/299     1.77G      1.82      0.62     0.416      2.85        18       640      0.96     0.757      0.97     0.833     0.744      0.32     0.102
   398/299     1.77G      1.99     0.588     0.344      2.92         9       640      0.99     0.713     0.992     0.817      0.61     0.316     0.129
   399/299     1.77G      2.03     0.523     0.383      2.93        12       640     0.902     0.745     0.942     0.786     0.785     0.299     0.138
   400/299     1.77G      1.83     0.599     0.425      2.86        17       640      0.86     0.854     0.927     0.815     0.651     0.313    0.0957
   401/299     1.77G      1.72     0.595     0.351      2.67        12       640     0.926         1     0.991     0.958     0.613     0.311    0.0802
   402/299     1.77G      1.58     0.603      0.43      2.61        12       640     0.909         1     0.991      0.95     0.618     0.305    0.0704
   403/299     1.77G      1.94     0.601     0.388      2.93        25       640     0.894         1      0.99     0.943     0.636     0.301    0.0721
   404/299     1.77G       1.8     0.592     0.308      2.69        17       640     0.932     0.968      0.99     0.949     0.873     0.276     0.104
   405/299     1.77G      1.83     0.594     0.421      2.84        18       640     0.962     0.918     0.989     0.937      0.84     0.267     0.104
   406/299     1.77G      1.86      0.55     0.353      2.77        19       640     0.981     0.884     0.987     0.929     0.701     0.267    0.0796
   407/299     1.77G      1.79     0.606     0.377      2.77        13       640     0.981     0.884     0.986     0.929     0.806     0.265    0.0716
   408/299     1.77G       1.9     0.574     0.343      2.82        13       640     0.916     0.943     0.949     0.926     0.767     0.269    0.0763
   409/299     1.77G      1.74     0.519     0.306      2.57        17       640     0.934     0.808     0.977     0.858     0.675     0.285     0.117
   410/299     1.77G      1.85     0.547     0.344      2.74        16       640     0.844     0.958     0.957     0.892     0.636     0.306     0.106
   411/299     1.77G      1.86      0.52      0.33      2.71        13       640     0.721     0.974     0.945     0.809     0.913     0.311     0.104
   412/299     1.77G      1.65     0.559     0.356      2.56        15       640     0.913     0.948     0.982     0.928     0.789     0.293    0.0951
   413/299     1.77G      1.56      0.59     0.409      2.56        17       640     0.784     0.981     0.973     0.859     0.815     0.314    0.0825
   414/299     1.77G      1.65     0.526     0.237      2.41        16       640     0.728     0.957     0.977      0.81     0.834     0.301    0.0918
   415/299     1.77G      1.89     0.548     0.302      2.74        14       640     0.809     0.975     0.981     0.879     0.688     0.305    0.0972
   416/299     1.77G      1.65     0.511     0.281      2.44        18       640     0.895         1     0.991     0.942      0.56     0.278    0.0743
   417/299     1.77G      1.85     0.523     0.296      2.67        15       640     0.939     0.992     0.991     0.964     0.644      0.27    0.0743
   418/299     1.77G      1.62     0.565     0.358      2.54        14       640     0.958     0.989     0.987     0.973     0.717      0.26    0.0858
   419/299     1.77G      1.88     0.493     0.294      2.67        14       640     0.962     0.946     0.983     0.949     0.681      0.26     0.156
   420/299     1.77G      1.67     0.555     0.318      2.55        15       640     0.921     0.948      0.98     0.934     0.593     0.276      0.15
   421/299     1.77G      1.48     0.554     0.307      2.34        14       640     0.875     0.966     0.984     0.917     0.536     0.278     0.135
   422/299     1.77G      1.51     0.522     0.307      2.34        16       640     0.831     0.983     0.987       0.9     0.587     0.281    0.0994
   423/299     1.77G      1.74     0.472     0.201      2.42        17       640     0.922         1     0.994     0.959     0.851     0.259    0.0653
   424/299     1.77G      2.01     0.504     0.263      2.78        22       640     0.974     0.963      0.99     0.968     0.637      0.25     0.107
   425/299     1.77G      1.75     0.514     0.363      2.62        21       640     0.987     0.831     0.985     0.872     0.837      0.25     0.198
   426/299     1.77G      1.77     0.492     0.366      2.62        17       640     0.962     0.954     0.994     0.955     0.532     0.272    0.0785
   427/299     1.77G       1.6     0.516     0.316      2.43        13       640      0.94     0.991     0.992     0.964     0.612     0.274    0.0656
   428/299     1.77G       1.7     0.533     0.237      2.47        20       640     0.964     0.987     0.993     0.975     0.566     0.261    0.0576
   429/299     1.77G      1.91      0.52     0.241      2.67        13       640     0.957     0.953     0.984     0.953     0.637     0.258    0.0828
   430/299     1.77G      1.71     0.498     0.236      2.44        18       640     0.959     0.994     0.995     0.976     0.709     0.263    0.0822
   431/299     1.77G       1.5     0.544     0.221      2.27        18       640     0.959     0.999     0.994     0.979     0.602     0.264     0.068
   432/299     1.77G      1.57      0.51     0.205      2.28        18       640     0.929         1     0.994     0.963     0.738     0.249    0.0574
   433/299     1.77G      1.81     0.493     0.238      2.54        15       640     0.943         1     0.993      0.97     0.539      0.24    0.0597
   434/299     1.77G      1.49     0.502     0.217      2.21        10       640     0.955     0.954     0.992     0.953     0.585     0.244    0.0928
   435/299     1.77G      1.58     0.466     0.223      2.27        11       640     0.959     0.954     0.991     0.954     0.606     0.247     0.101
   436/299     1.77G      1.56     0.484     0.229      2.27        17       640     0.966     0.983     0.991     0.974     0.539     0.249    0.0656
   437/299     1.77G      1.71     0.454     0.315      2.47        11       640     0.911         1      0.99     0.951     0.566     0.248     0.048
   438/299     1.77G      1.62      0.49     0.253      2.36        17       640     0.906         1     0.991     0.949     0.655     0.251    0.0575
   439/299     1.77G      1.58     0.494     0.312      2.39        13       640     0.917         1      0.99     0.956     0.531     0.256    0.0677
   440/299     1.77G      1.59     0.515     0.249      2.35        14       640     0.913         1      0.99     0.954     0.629     0.246    0.0485
   441/299     1.77G      1.76      0.44      0.27      2.47        16       640      0.93     0.938     0.983     0.932     0.727     0.231    0.0548
   442/299     1.77G      1.43     0.508     0.251      2.19        17       640     0.952     0.936     0.985     0.943     0.801     0.227    0.0665
   443/299     1.77G      1.61     0.484     0.303       2.4        13       640      0.93     0.974     0.984      0.95     0.762     0.234    0.0654
   444/299     1.77G      1.44      0.48     0.271       2.2        19       640     0.927     0.998     0.986      0.96     0.604     0.239    0.0599
   445/299     1.77G      1.43     0.463     0.233      2.13        13       640     0.919         1      0.99     0.957     0.681     0.237    0.0437
   446/299     1.77G      1.83      0.47     0.234      2.53        26       640     0.878     0.908     0.946     0.891     0.865     0.253    0.0374
   447/299     1.77G      1.51     0.451     0.229      2.19        16       640     0.928     0.933     0.977     0.929     0.587     0.258    0.0352
   448/299     1.77G      1.72     0.537     0.262      2.52        18       640     0.912     0.983     0.987     0.945     0.657     0.249    0.0396
   449/299     1.77G      1.65     0.452     0.233      2.33        17       640     0.937     0.991     0.991     0.963     0.678     0.246    0.0396
   450/299     1.77G      1.55     0.535     0.217       2.3        20       640     0.927         1      0.99     0.962     0.566     0.251    0.0492
   451/299     1.77G       1.5     0.493     0.237      2.23        14       640     0.884         1      0.99     0.936     0.565     0.248    0.0535
   452/299     1.77G       1.6     0.458     0.309      2.37        12       640     0.971     0.978     0.994     0.973     0.759     0.221    0.0953
   453/299     1.77G      1.82     0.477     0.446      2.74        16       640     0.983       0.8     0.986     0.847     0.673     0.252     0.167
   454/299     1.77G      1.41     0.519     0.371       2.3        17       640     0.979         1     0.994     0.989     0.537     0.236    0.0941
   455/299     1.77G      1.49     0.465     0.344       2.3        14       640     0.958     0.994     0.995     0.974     0.491     0.245    0.0909
   456/299     1.77G      1.65     0.492     0.277      2.42        12       640      0.91     0.959     0.992     0.925     0.528     0.261     0.151
   457/299     1.77G       1.5     0.474     0.264      2.24        18       640     0.886     0.978     0.993     0.923     0.509     0.275     0.112
   458/299     1.77G      1.44     0.442     0.352      2.24        17       640     0.926         1     0.995     0.961      0.77      0.24    0.0321
   459/299     1.77G      1.63     0.439     0.243      2.31        15       640     0.956         1     0.995     0.977     0.687      0.22    0.0466
   460/299     1.77G      1.58     0.512     0.202      2.29        19       640     0.955         1     0.994     0.977     0.562     0.228    0.0506
   461/299     1.77G      1.61     0.497     0.317      2.43        17       640     0.908     0.994     0.989     0.947     0.558     0.238    0.0617
   462/299     1.77G      1.57     0.507     0.258      2.33        15       640     0.884     0.985     0.984     0.924     0.485     0.263    0.0712
   463/299     1.77G      1.41     0.517     0.216      2.14        18       640     0.886     0.994     0.991     0.929     0.569     0.261    0.0735
   464/299     1.77G      1.42     0.443     0.214      2.08        12       640     0.905     0.991     0.993     0.944     0.506     0.245     0.081
   465/299     1.77G      1.41     0.463     0.268      2.14        19       640     0.867         1     0.987     0.928     0.685     0.235    0.0592
   466/299     1.77G      1.61     0.438     0.256       2.3        16       640     0.914         1      0.99     0.955     0.706     0.218    0.0447
   467/299     1.77G       1.5     0.528     0.215      2.24        13       640     0.904     0.995     0.986     0.946      0.64     0.216    0.0414
   468/299     1.77G      1.55     0.472     0.278       2.3        18       640     0.907         1     0.989      0.95     0.562     0.213    0.0464
   469/299     1.77G       1.6      0.47      0.25      2.32        15       640     0.867     0.991     0.973     0.921     0.629     0.247    0.0627
   470/299     1.77G      1.42     0.469     0.244      2.14        16       640     0.888         1     0.991     0.939     0.585     0.255    0.0543
   471/299     1.77G      1.52     0.461     0.217      2.19        11       640     0.916         1     0.994     0.954     0.633     0.252    0.0496
   472/299     1.77G      1.68     0.499     0.331      2.51        19       640     0.936         1     0.995     0.966     0.527     0.253    0.0488
   473/299     1.77G       1.5     0.443     0.262       2.2        16       640     0.947     0.988     0.994     0.965     0.539     0.242    0.0889
   474/299     1.77G      1.44     0.502     0.269      2.21        18       640     0.938     0.983     0.991     0.958     0.523     0.233     0.093
   475/299     1.77G      1.55      0.47     0.242      2.26        18       640     0.953     0.991     0.989     0.971     0.556     0.233    0.0583
   476/299     1.77G      1.48     0.474     0.234      2.19        16       640     0.936         1     0.987     0.967     0.584     0.234      0.04
   477/299     1.77G      1.61      0.48     0.285      2.37        17       640     0.963     0.992     0.984     0.977     0.567     0.238    0.0497
   478/299     1.77G       1.5     0.534     0.281      2.31        20       640     0.917         1     0.994     0.956     0.481     0.224    0.0689
   479/299     1.77G      1.54     0.462     0.264      2.26        11       640     0.866         1     0.995     0.925     0.651     0.221    0.0763
   480/299     1.77G      1.29     0.446     0.212      1.95        13       640     0.942         1     0.992      0.97      0.53     0.212    0.0637
   481/299     1.77G      1.43     0.486     0.161      2.08        15       640     0.933         1     0.992     0.965     0.689      0.21    0.0419
   482/299     1.77G      1.37     0.436     0.145      1.96        14       640     0.904         1     0.993     0.947     0.634     0.213    0.0313
   483/299     1.77G      1.46      0.46     0.212      2.13        19       640      0.89         1     0.992     0.938     0.727     0.218    0.0261
   484/299     1.77G      1.54     0.452     0.227      2.22        14       640     0.891     0.992     0.978     0.935     0.784     0.209    0.0384
   485/299     1.77G      1.78     0.447     0.166      2.39        13       640     0.905     0.992     0.985     0.942     0.447     0.213    0.0484
   486/299     1.77G      1.45     0.496     0.188      2.13        15       640     0.904         1     0.991     0.948     0.607     0.208    0.0495
   487/299     1.77G      1.48     0.492     0.216      2.19        16       640     0.918         1     0.992     0.957      0.56     0.221    0.0625
   488/299     1.77G      1.62      0.48     0.321      2.42        14       640     0.907         1     0.983     0.951     0.658     0.237    0.0979
   489/299     1.77G      1.47     0.475     0.267      2.21        15       640     0.955     0.992     0.989     0.973     0.475      0.23    0.0707
   490/299     1.77G      1.49      0.51      0.28      2.28        14       640      0.96     0.944     0.984     0.949     0.437     0.233    0.0695
   491/299     1.77G      1.44     0.498     0.226      2.16        19       640     0.956         1     0.992     0.978      0.52     0.227    0.0628
   492/299     1.77G      1.58     0.476     0.231      2.28        16       640     0.949         1     0.989     0.973      0.63      0.21    0.0564
   493/299     1.77G      1.58     0.444      0.27       2.3        15       640     0.899     0.991     0.991     0.939      0.45     0.228     0.112
   494/299     1.77G      1.38     0.399     0.196      1.98        12       640     0.871     0.941     0.974     0.895     0.631     0.247     0.139
   495/299     1.77G      1.65     0.446     0.228      2.32        14       640     0.861      0.96     0.978     0.898     0.584     0.254     0.117
   496/299     1.77G      1.44     0.461     0.229      2.13        17       640     0.863     0.984     0.988     0.915     0.517     0.231    0.0729
   497/299     1.77G      1.55     0.481      0.26      2.29        16       640     0.899         1      0.99     0.945     0.471     0.223    0.0597
   498/299     1.77G      1.35     0.452     0.199         2        14       640     0.895         1     0.988     0.944     0.515     0.233    0.0473
   499/299     1.77G      1.35     0.452     0.261      2.06        18       640     0.905         1     0.989     0.949     0.493     0.224    0.0436
   500/299     1.77G      1.41     0.489     0.269      2.17        13       640     0.888         1     0.989     0.939     0.613     0.211    0.0392
   501/299     1.77G      1.39     0.459     0.248       2.1        12       640     0.896         1     0.994     0.943     0.492     0.214    0.0409
   502/299     1.77G      1.32     0.452     0.218      1.99        20       640     0.877         1     0.995     0.929      0.59     0.218     0.054
   503/299     1.77G      1.37      0.46     0.176      2.01        10       640     0.874         1     0.995     0.925     0.463     0.224     0.061
   504/299     1.77G       1.4     0.457     0.226      2.08        10       640     0.922     0.981     0.994     0.945     0.534     0.225    0.0742
   505/299     1.77G      1.55     0.452     0.454      2.45        15       640     0.946         1     0.995     0.971     0.591     0.212    0.0513
   506/299     1.77G      1.49     0.486     0.365      2.34        13       640     0.942         1     0.995     0.969     0.529     0.237    0.0564
   507/299     1.77G      1.27     0.446     0.336      2.05        12       640     0.974         1     0.995     0.987     0.465     0.206    0.0554
   508/299     1.77G      1.49     0.441      0.24      2.17        16       640     0.941         1     0.993     0.969     0.466     0.222    0.0496
   509/299     1.77G      1.52     0.456     0.196      2.17        16       640       0.9         1     0.991     0.946     0.539     0.223     0.078
   510/299     1.77G       1.3     0.484     0.213         2        20       640     0.896         1     0.991     0.941     0.585     0.233    0.0723
   511/299     1.77G      1.48     0.454     0.228      2.16        15       640     0.829      0.83     0.974     0.764     0.576     0.248     0.393
   512/299     1.77G      1.34     0.466      0.18      1.98        15       640     0.908      0.97     0.986     0.932     0.496     0.233     0.138
   513/299     1.77G      1.56     0.447     0.261      2.27        15       640      0.92         1     0.993     0.956     0.539      0.22     0.055
   514/299     1.77G      1.53     0.475      0.28      2.29        19       640     0.931     0.998     0.994     0.962     0.622     0.217    0.0646
   515/299     1.77G      1.58     0.428      0.18      2.19        18       640     0.964         1     0.991     0.981     0.842       0.2     0.048
   516/299     1.77G      1.36     0.446     0.219      2.03        12       640     0.961         1     0.984      0.98     0.557     0.207    0.0456
   517/299     1.77G      1.42      0.46     0.182      2.06        16       640     0.944     0.972     0.979     0.958     0.476     0.231    0.0989
   518/299     1.77G      1.52     0.435     0.142      2.09        17       640     0.944     0.987     0.981     0.965     0.636      0.22    0.0791
   519/299     1.77G      1.53     0.453     0.212       2.2        18       640     0.954         1     0.986     0.976     0.613     0.205     0.048
   520/299     1.77G      1.38     0.415     0.209         2        14       640     0.935         1     0.993     0.966     0.432     0.203    0.0532
   521/299     1.77G      1.44     0.463     0.196       2.1        16       640      0.94         1     0.995     0.969     0.497       0.2    0.0491
   522/299     1.77G      1.55      0.42     0.275      2.24        14       640     0.937         1     0.994     0.967     0.516     0.192    0.0463
   523/299     1.77G      1.46     0.454     0.205      2.12        20       640     0.934         1     0.992     0.965     0.468     0.203    0.0475
   524/299     1.77G      1.29     0.505      0.31      2.11        17       640     0.933         1     0.995     0.965     0.457     0.211    0.0429
   525/299     1.77G      1.26     0.438     0.185      1.88        13       640     0.921         1     0.995     0.958     0.544     0.211    0.0379
   526/299     1.77G       1.3     0.438     0.177      1.92        17       640      0.94         1     0.995     0.969     0.527     0.206    0.0399
   527/299     1.77G      1.27     0.456     0.246      1.98        19       640     0.928         1     0.995     0.963     0.493     0.203    0.0405
   528/299     1.77G      1.48     0.417     0.368      2.26        14       640     0.948     0.978     0.994     0.961     0.593     0.215     0.103
   529/299     1.77G      1.29     0.411      0.23      1.93        11       640     0.932     0.912      0.98     0.912     0.521      0.24      0.15
   530/299     1.77G      1.32      0.44     0.258      2.01        12       640     0.916     0.983     0.986     0.945      0.47     0.236     0.093
   531/299     1.77G      1.25     0.427     0.201      1.88        15       640      0.93     0.978     0.989     0.951     0.461     0.221    0.0552
   532/299     1.77G      1.31     0.463     0.191      1.97        11       640     0.894     0.964     0.984     0.923     0.503     0.213    0.0528
   533/299     1.77G      1.44     0.429     0.269      2.14        14       640     0.908         1     0.988     0.949      0.47     0.225    0.0411
   534/299     1.77G      1.44     0.387     0.201      2.03        12       640     0.921         1     0.988     0.957     0.577       0.2    0.0471
   535/299     1.77G      1.49     0.455     0.247       2.2        12       640     0.914         1      0.99     0.953     0.512     0.205    0.0593
   536/299     1.77G      1.57     0.447     0.273      2.29        15       640     0.905     0.991     0.993     0.944     0.478      0.21    0.0691
   537/299     1.77G      1.31     0.441     0.212      1.96        12       640     0.906         1     0.993      0.95     0.503     0.212    0.0393
   538/299     1.77G      1.54     0.416     0.169      2.13        17       640     0.932         1     0.993     0.964     0.756     0.211    0.0291
   539/299     1.77G      1.42     0.456     0.273      2.15        12       640      0.96     0.999      0.99     0.979     0.498     0.203    0.0332
   540/299     1.77G      1.43     0.471     0.316      2.21        17       640      0.95         1     0.991     0.974      0.46     0.202     0.032
   541/299     1.77G      1.32     0.454     0.326       2.1        15       640     0.925         1      0.99     0.961     0.487     0.201    0.0326
   542/299     1.77G      1.22     0.433     0.176      1.83        18       640     0.924         1     0.988      0.96     0.495      0.21    0.0391
   543/299     1.77G      1.44     0.448     0.201      2.09        16       640      0.93         1     0.985     0.963     0.674     0.205    0.0435
   544/299     1.77G      1.59     0.465      0.17      2.22        16       640     0.971     0.984     0.987     0.977     0.482       0.2    0.0473
   545/299     1.77G      1.39     0.431     0.171      1.99        11       640     0.948     0.996      0.99     0.971     0.525      0.19    0.0697
   546/299     1.77G      1.65     0.448     0.228      2.32        19       640     0.955     0.999     0.991     0.976     0.498     0.192    0.0715
   547/299     1.77G       1.3     0.448      0.13      1.88        19       640      0.95         1     0.992     0.974     0.581     0.188    0.0477
   548/299     1.77G      1.37     0.456     0.214      2.04        19       640     0.915         1     0.994     0.954     0.565     0.195    0.0386
   549/299     1.77G      1.59     0.423     0.165      2.17        12       640     0.879         1     0.991     0.931     0.595     0.192    0.0379
   550/299     1.77G      1.32     0.448     0.182      1.95        19       640     0.876         1     0.994     0.929     0.425     0.201    0.0373
   551/299     1.77G      1.41     0.408     0.208      2.02        14       640     0.889         1     0.993     0.937     0.549     0.202    0.0331
   552/299     1.77G      1.46     0.425     0.218      2.11        14       640     0.889         1     0.988     0.935     0.477     0.206    0.0353
   553/299     1.77G      1.37     0.402     0.148      1.92        12       640     0.902         1     0.992     0.945     0.492     0.199    0.0307
   554/299     1.77G      1.35     0.412     0.192      1.96        15       640     0.935         1     0.995     0.966     0.658     0.195    0.0326
   555/299     1.77G      1.26     0.445     0.179      1.89        14       640     0.964         1     0.993     0.982     0.558     0.192    0.0372
   556/299     1.77G      1.29     0.446     0.225      1.96        16       640     0.955         1      0.99     0.977     0.474     0.189    0.0397
   557/299     1.77G      1.24     0.414     0.165      1.82        12       640      0.95         1     0.989     0.974     0.427     0.189    0.0419
   558/299     1.77G      1.15      0.41     0.205      1.77        16       640     0.952         1      0.99     0.975     0.444     0.186    0.0363
   559/299     1.77G      1.26     0.401     0.179      1.84        12       640     0.947         1     0.992     0.973     0.441     0.186     0.032
   560/299     1.77G      1.27     0.363     0.137      1.77        15       640     0.966     0.993     0.993     0.979     0.601     0.188    0.0362
   561/299     1.77G      1.38     0.453     0.155      1.99        23       640     0.971         1     0.994     0.985     0.505     0.183    0.0422
   562/299     1.77G      1.37     0.452     0.193      2.02        13       640     0.954         1     0.994     0.977     0.597     0.182    0.0518
   563/299     1.77G      1.31     0.434     0.153       1.9        17       640     0.944         1     0.995     0.971      0.54     0.191    0.0523
   564/299     1.77G      1.41     0.464     0.159      2.04        20       640     0.953         1     0.994     0.975     0.644       0.2    0.0756
   565/299     1.77G      1.27     0.432     0.195      1.89        14       640     0.958     0.983     0.994      0.97     0.473     0.195    0.0326
   566/299     1.77G      1.36     0.428     0.185      1.97        22       640     0.963     0.987     0.994     0.975     0.425      0.19    0.0266
   567/299     1.77G      1.21     0.417     0.137      1.77        14       640     0.963     0.996     0.993     0.979     0.457     0.183    0.0269
   568/299     1.77G      1.39     0.418     0.203      2.01        13       640     0.959     0.998     0.993     0.978     0.522     0.185      0.04
   569/299     1.77G      1.34     0.382       0.2      1.93        14       640     0.936     0.996     0.992     0.965     0.463     0.189    0.0533
   570/299     1.77G      1.24     0.428     0.175      1.85        17       640     0.934         1     0.991     0.965     0.477      0.19    0.0398
   571/299     1.77G      1.29     0.391     0.153      1.84        10       640     0.915         1     0.993     0.954     0.442     0.193    0.0411
   572/299     1.77G      1.33     0.408     0.161       1.9        17       640     0.921         1     0.995     0.958     0.445     0.188    0.0436
   573/299     1.77G      1.24     0.411     0.246       1.9        12       640     0.907         1     0.995      0.95     0.475     0.195    0.0522
   574/299     1.77G      1.31     0.426     0.199      1.93        20       640     0.915         1     0.995     0.954     0.442     0.189    0.0557
   575/299     1.77G      1.19     0.451      0.12      1.76        17       640     0.917         1     0.995     0.955     0.559     0.194    0.0582
   576/299     1.77G      1.43     0.438     0.235       2.1        14       640     0.932         1     0.993     0.964     0.452     0.181    0.0602
   577/299     1.77G      1.27     0.457     0.211      1.94        15       640     0.949         1     0.993     0.974     0.454     0.177    0.0461
   578/299     1.77G      1.27     0.404     0.204      1.88        16       640     0.946         1     0.993     0.972     0.591     0.173     0.043
   579/299     1.77G      1.19     0.374     0.205      1.77        14       640     0.954         1     0.994     0.976     0.458     0.186    0.0424
   580/299     1.77G      1.19     0.433     0.203      1.82        18       640     0.938     0.991     0.993     0.964     0.413     0.196    0.0441
   581/299     1.77G       1.2     0.447     0.176      1.82        15       640     0.902         1     0.994     0.947     0.428     0.196    0.0427
   582/299     1.77G      1.22     0.444     0.167      1.83        15       640     0.884     0.991      0.99     0.925     0.523     0.206    0.0744
   583/299     1.77G      1.37     0.379     0.178      1.93        16       640     0.892      0.98     0.987     0.923     0.437     0.215       0.1
   584/299     1.77G      1.32     0.402     0.303      2.03        15       640     0.876     0.817     0.938     0.818     0.497     0.251     0.353
   585/299     1.77G      1.29     0.404     0.214      1.91        14       640     0.892     0.817      0.96     0.819     0.435     0.242     0.223
   586/299     1.77G       1.3     0.418     0.194      1.91        15       640      0.86     0.948     0.967     0.879     0.427     0.228     0.276
   587/299     1.77G      1.26     0.436     0.361      2.06        15       640      0.84      0.91     0.979     0.841     0.475     0.216     0.414
   588/299     1.77G      1.23     0.479     0.212      1.92        22       640     0.836     0.733     0.986     0.631     0.547     0.219     0.671
   589/299     1.77G      1.17     0.462     0.218      1.85        14       640     0.902     0.774     0.991     0.737     0.484     0.207     0.251
   590/299     1.77G      1.09     0.406      0.17      1.67        16       640     0.969     0.963     0.993     0.964     0.423     0.203     0.116
   591/299     1.77G      1.15     0.474     0.221      1.85        18       640     0.943         1     0.995      0.97     0.473     0.199    0.0759
   592/299     1.77G      1.35     0.453     0.168      1.97        18       640     0.945         1     0.994     0.972     0.543     0.194    0.0544
   593/299     1.77G      1.26     0.393     0.172      1.83        11       640     0.941         1     0.991     0.969     0.439     0.193    0.0437
   594/299     1.77G      1.14     0.414     0.212      1.76        18       640     0.948         1      0.99     0.973     0.397     0.188    0.0332
   595/299     1.77G       1.1     0.373     0.316      1.79        11       640     0.937         1     0.992     0.967     0.538     0.193    0.0362
   596/299     1.77G      1.19     0.398     0.182      1.77        14       640     0.935         1     0.992     0.966     0.542     0.195    0.0444
   597/299     1.77G      1.18     0.397     0.208      1.78        14       640     0.836      0.97     0.976     0.878      0.55     0.193     0.211
   598/299     1.77G      1.27     0.404     0.156      1.83        14       640     0.844     0.887     0.982     0.829      0.53     0.199     0.275
